model,alpha (BM25),beta (TF-IDF),gamma (Transformer),recall@5
google_bert,0.0,0.0,1.0,0.7035
google_bert,0.0,0.02,0.98,0.7076
google_bert,0.0,0.04,0.96,0.7116
google_bert,0.0,0.06,0.94,0.7163999999999999
google_bert,0.0,0.08,0.92,0.7192999999999999
google_bert,0.0,0.1,0.9,0.7214
google_bert,0.0,0.12,0.88,0.7246
google_bert,0.0,0.14,0.86,0.7266
google_bert,0.0,0.16,0.84,0.7288
google_bert,0.0,0.18,0.8200000000000001,0.7303
google_bert,0.0,0.2,0.8,0.7299
google_bert,0.0,0.22,0.78,0.73
google_bert,0.0,0.24,0.76,0.7293
google_bert,0.0,0.26,0.74,0.7299000000000001
google_bert,0.0,0.28,0.72,0.7293999999999999
google_bert,0.0,0.3,0.7,0.7299000000000001
google_bert,0.0,0.32,0.6799999999999999,0.7277
google_bert,0.0,0.34,0.6599999999999999,0.7263
google_bert,0.0,0.36,0.64,0.7258
google_bert,0.0,0.38,0.62,0.7248
google_bert,0.0,0.4,0.6,0.7242000000000001
google_bert,0.0,0.42,0.5800000000000001,0.7238
google_bert,0.0,0.44,0.56,0.7231000000000001
google_bert,0.0,0.46,0.54,0.7223999999999999
google_bert,0.0,0.48,0.52,0.7206999999999999
google_bert,0.0,0.5,0.5,0.72
google_bert,0.0,0.52,0.48,0.7182
google_bert,0.0,0.54,0.45999999999999996,0.7169
google_bert,0.0,0.56,0.43999999999999995,0.7149
google_bert,0.0,0.58,0.42000000000000004,0.7138
google_bert,0.0,0.6,0.4,0.7128
google_bert,0.0,0.62,0.38,0.7102
google_bert,0.0,0.64,0.36,0.7087
google_bert,0.0,0.66,0.33999999999999997,0.7079000000000001
google_bert,0.0,0.68,0.31999999999999995,0.7061999999999999
google_bert,0.0,0.7000000000000001,0.29999999999999993,0.7055
google_bert,0.0,0.72,0.28,0.7044000000000001
google_bert,0.0,0.74,0.26,0.7032999999999999
google_bert,0.0,0.76,0.24,0.7015999999999999
google_bert,0.0,0.78,0.21999999999999997,0.7011000000000001
google_bert,0.0,0.8,0.19999999999999996,0.7004000000000001
google_bert,0.0,0.8200000000000001,0.17999999999999994,0.6997000000000001
google_bert,0.0,0.84,0.16000000000000003,0.6989
google_bert,0.0,0.86,0.14,0.698
google_bert,0.0,0.88,0.12,0.6964
google_bert,0.0,0.9,0.09999999999999998,0.6952
google_bert,0.0,0.92,0.07999999999999996,0.6943
google_bert,0.0,0.9400000000000001,0.05999999999999994,0.6922
google_bert,0.0,0.96,0.040000000000000036,0.6915
google_bert,0.0,0.98,0.020000000000000018,0.6904000000000001
google_bert,0.0,1.0,0.0,0.6857000000000001
google_bert,0.02,0.0,0.98,0.7071999999999999
google_bert,0.02,0.02,0.96,0.7111
google_bert,0.02,0.04,0.94,0.716
google_bert,0.02,0.06,0.9199999999999999,0.7195
google_bert,0.02,0.08,0.9,0.7211000000000001
google_bert,0.02,0.1,0.88,0.7248
google_bert,0.02,0.12,0.86,0.7265
google_bert,0.02,0.14,0.84,0.7285
google_bert,0.02,0.16,0.82,0.7303
google_bert,0.02,0.18,0.8,0.7299
google_bert,0.02,0.2,0.78,0.73
google_bert,0.02,0.22,0.76,0.7301
google_bert,0.02,0.24,0.74,0.7301000000000001
google_bert,0.02,0.26,0.72,0.7295999999999999
google_bert,0.02,0.28,0.7,0.7288
google_bert,0.02,0.3,0.6799999999999999,0.7277
google_bert,0.02,0.32,0.6599999999999999,0.7263999999999999
google_bert,0.02,0.34,0.6399999999999999,0.7254
google_bert,0.02,0.36,0.62,0.7245999999999999
google_bert,0.02,0.38,0.6,0.7241000000000001
google_bert,0.02,0.4,0.58,0.7238
google_bert,0.02,0.42,0.56,0.7225999999999999
google_bert,0.02,0.44,0.54,0.7222999999999999
google_bert,0.02,0.46,0.52,0.7209
google_bert,0.02,0.48,0.5,0.7195
google_bert,0.02,0.5,0.48,0.719
google_bert,0.02,0.52,0.45999999999999996,0.7169
google_bert,0.02,0.54,0.43999999999999995,0.7149
google_bert,0.02,0.56,0.41999999999999993,0.7137
google_bert,0.02,0.58,0.4,0.7127
google_bert,0.02,0.6,0.38,0.7102
google_bert,0.02,0.62,0.36,0.7086
google_bert,0.02,0.64,0.33999999999999997,0.7076
google_bert,0.02,0.66,0.31999999999999995,0.7067
google_bert,0.02,0.68,0.29999999999999993,0.7052999999999999
google_bert,0.02,0.7000000000000001,0.2799999999999999,0.7045
google_bert,0.02,0.72,0.26,0.7028
google_bert,0.02,0.74,0.24,0.702
google_bert,0.02,0.76,0.21999999999999997,0.7006
google_bert,0.02,0.78,0.19999999999999996,0.7002
google_bert,0.02,0.8,0.17999999999999994,0.6998000000000001
google_bert,0.02,0.8200000000000001,0.15999999999999992,0.6989
google_bert,0.02,0.84,0.14,0.6982
google_bert,0.02,0.86,0.12,0.697
google_bert,0.02,0.88,0.09999999999999998,0.6955
google_bert,0.02,0.9,0.07999999999999996,0.6938000000000001
google_bert,0.02,0.92,0.05999999999999994,0.6922
google_bert,0.02,0.9400000000000001,0.039999999999999925,0.6914000000000001
google_bert,0.02,0.96,0.020000000000000018,0.6902
google_bert,0.02,0.98,0.0,0.6857000000000001
google_bert,0.04,0.0,0.96,0.7104000000000001
google_bert,0.04,0.02,0.94,0.7157
google_bert,0.04,0.04,0.9199999999999999,0.7187
google_bert,0.04,0.06,0.8999999999999999,0.7216
google_bert,0.04,0.08,0.88,0.725
google_bert,0.04,0.1,0.86,0.7268
google_bert,0.04,0.12,0.84,0.7283999999999999
google_bert,0.04,0.14,0.82,0.7295
google_bert,0.04,0.16,0.7999999999999999,0.73
google_bert,0.04,0.18,0.78,0.7298
google_bert,0.04,0.2,0.76,0.7298000000000001
google_bert,0.04,0.22,0.74,0.73
google_bert,0.04,0.24,0.72,0.7297
google_bert,0.04,0.26,0.7,0.7287
google_bert,0.04,0.28,0.6799999999999999,0.727
google_bert,0.04,0.3,0.6599999999999999,0.7260999999999999
google_bert,0.04,0.32,0.6399999999999999,0.7254
google_bert,0.04,0.34,0.6199999999999999,0.7253
google_bert,0.04,0.36,0.6,0.7238
google_bert,0.04,0.38,0.58,0.7237
google_bert,0.04,0.4,0.5599999999999999,0.723
google_bert,0.04,0.42,0.54,0.7222000000000001
google_bert,0.04,0.44,0.52,0.721
google_bert,0.04,0.46,0.49999999999999994,0.7198000000000001
google_bert,0.04,0.48,0.48,0.7184999999999999
google_bert,0.04,0.5,0.45999999999999996,0.7172999999999999
google_bert,0.04,0.52,0.43999999999999995,0.715
google_bert,0.04,0.54,0.41999999999999993,0.714
google_bert,0.04,0.56,0.3999999999999999,0.7126
google_bert,0.04,0.58,0.38,0.7106
google_bert,0.04,0.6,0.36,0.7088
google_bert,0.04,0.62,0.33999999999999997,0.7076000000000001
google_bert,0.04,0.64,0.31999999999999995,0.7073
google_bert,0.04,0.66,0.29999999999999993,0.7055999999999999
google_bert,0.04,0.68,0.2799999999999999,0.7042999999999999
google_bert,0.04,0.7000000000000001,0.2599999999999999,0.7036
google_bert,0.04,0.72,0.24,0.7026
google_bert,0.04,0.74,0.21999999999999997,0.7012999999999999
google_bert,0.04,0.76,0.19999999999999996,0.7005
google_bert,0.04,0.78,0.17999999999999994,0.6997000000000001
google_bert,0.04,0.8,0.15999999999999992,0.6993
google_bert,0.04,0.8200000000000001,0.1399999999999999,0.6980999999999999
google_bert,0.04,0.84,0.12,0.6966
google_bert,0.04,0.86,0.09999999999999998,0.6955
google_bert,0.04,0.88,0.07999999999999996,0.6937000000000001
google_bert,0.04,0.9,0.05999999999999994,0.6925
google_bert,0.04,0.92,0.039999999999999925,0.6911
google_bert,0.04,0.9400000000000001,0.019999999999999907,0.6902
google_bert,0.04,0.96,0.0,0.686
google_bert,0.06,0.0,0.94,0.7156
google_bert,0.06,0.02,0.9199999999999999,0.7186
google_bert,0.06,0.04,0.8999999999999999,0.7215
google_bert,0.06,0.06,0.8799999999999999,0.7249000000000001
google_bert,0.06,0.08,0.86,0.7264
google_bert,0.06,0.1,0.84,0.7287
google_bert,0.06,0.12,0.82,0.7297
google_bert,0.06,0.14,0.7999999999999999,0.7303
google_bert,0.06,0.16,0.7799999999999999,0.7297
google_bert,0.06,0.18,0.76,0.7297
google_bert,0.06,0.2,0.74,0.7303999999999999
google_bert,0.06,0.22,0.72,0.7300999999999999
google_bert,0.06,0.24,0.7,0.729
google_bert,0.06,0.26,0.6799999999999999,0.7272000000000001
google_bert,0.06,0.28,0.6599999999999999,0.7256
google_bert,0.06,0.3,0.6399999999999999,0.7249000000000001
google_bert,0.06,0.32,0.6199999999999999,0.7251000000000001
google_bert,0.06,0.34,0.5999999999999999,0.7238
google_bert,0.06,0.36,0.58,0.7232000000000001
google_bert,0.06,0.38,0.5599999999999999,0.7232000000000001
google_bert,0.06,0.4,0.5399999999999999,0.7221000000000001
google_bert,0.06,0.42,0.52,0.721
google_bert,0.06,0.44,0.49999999999999994,0.72
google_bert,0.06,0.46,0.4799999999999999,0.7182
google_bert,0.06,0.48,0.45999999999999996,0.717
google_bert,0.06,0.5,0.43999999999999995,0.7149
google_bert,0.06,0.52,0.41999999999999993,0.7136
google_bert,0.06,0.54,0.3999999999999999,0.712
google_bert,0.06,0.56,0.3799999999999999,0.7105
google_bert,0.06,0.58,0.36,0.7089000000000001
google_bert,0.06,0.6,0.33999999999999997,0.7074000000000001
google_bert,0.06,0.62,0.31999999999999995,0.707
google_bert,0.06,0.64,0.29999999999999993,0.7055999999999999
google_bert,0.06,0.66,0.2799999999999999,0.7045
google_bert,0.06,0.68,0.2599999999999999,0.704
google_bert,0.06,0.7000000000000001,0.23999999999999988,0.7032
google_bert,0.06,0.72,0.21999999999999997,0.702
google_bert,0.06,0.74,0.19999999999999996,0.7003
google_bert,0.06,0.76,0.17999999999999994,0.6998
google_bert,0.06,0.78,0.15999999999999992,0.699
google_bert,0.06,0.8,0.1399999999999999,0.6979000000000001
google_bert,0.06,0.8200000000000001,0.11999999999999988,0.6971
google_bert,0.06,0.84,0.09999999999999998,0.6958
google_bert,0.06,0.86,0.07999999999999996,0.6942
google_bert,0.06,0.88,0.05999999999999994,0.6923
google_bert,0.06,0.9,0.039999999999999925,0.6912
google_bert,0.06,0.92,0.019999999999999907,0.6904
google_bert,0.08,0.0,0.92,0.7195
google_bert,0.08,0.02,0.9,0.7217
google_bert,0.08,0.04,0.88,0.7246
google_bert,0.08,0.06,0.8600000000000001,0.7265
google_bert,0.08,0.08,0.8400000000000001,0.728
google_bert,0.08,0.1,0.8200000000000001,0.7296
google_bert,0.08,0.12,0.8,0.73
google_bert,0.08,0.14,0.78,0.7295
google_bert,0.08,0.16,0.76,0.7295
google_bert,0.08,0.18,0.74,0.7305
google_bert,0.08,0.2,0.72,0.7299
google_bert,0.08,0.22,0.7000000000000001,0.7288000000000001
google_bert,0.08,0.24,0.68,0.7275
google_bert,0.08,0.26,0.66,0.726
google_bert,0.08,0.28,0.64,0.7245
google_bert,0.08,0.3,0.6200000000000001,0.7248
google_bert,0.08,0.32,0.6000000000000001,0.7235999999999999
google_bert,0.08,0.34,0.5800000000000001,0.7231000000000001
google_bert,0.08,0.36,0.56,0.7233
google_bert,0.08,0.38,0.54,0.7227
google_bert,0.08,0.4,0.52,0.7212999999999999
google_bert,0.08,0.42,0.5,0.7202999999999999
google_bert,0.08,0.44,0.48000000000000004,0.718
google_bert,0.08,0.46,0.46,0.7166
google_bert,0.08,0.48,0.44000000000000006,0.7151
google_bert,0.08,0.5,0.42000000000000004,0.7135
google_bert,0.08,0.52,0.4,0.7121
google_bert,0.08,0.54,0.38,0.7101000000000001
google_bert,0.08,0.56,0.36,0.7085999999999999
google_bert,0.08,0.58,0.3400000000000001,0.7077
google_bert,0.08,0.6,0.32000000000000006,0.7067
google_bert,0.08,0.62,0.30000000000000004,0.7058
google_bert,0.08,0.64,0.28,0.7046000000000001
google_bert,0.08,0.66,0.26,0.704
google_bert,0.08,0.68,0.24,0.7031000000000001
google_bert,0.08,0.7000000000000001,0.21999999999999997,0.7022
google_bert,0.08,0.72,0.20000000000000007,0.7005
google_bert,0.08,0.74,0.18000000000000005,0.6996
google_bert,0.08,0.76,0.16000000000000003,0.699
google_bert,0.08,0.78,0.14,0.6982
google_bert,0.08,0.8,0.12,0.6968
google_bert,0.08,0.8200000000000001,0.09999999999999998,0.6962999999999999
google_bert,0.08,0.84,0.08000000000000007,0.6948000000000001
google_bert,0.08,0.86,0.06000000000000005,0.6925
google_bert,0.08,0.88,0.040000000000000036,0.6918
google_bert,0.08,0.9,0.020000000000000018,0.6907000000000001
google_bert,0.08,0.92,0.0,0.6865999999999999
google_bert,0.1,0.0,0.9,0.7213999999999999
google_bert,0.1,0.02,0.88,0.724
google_bert,0.1,0.04,0.86,0.7266
google_bert,0.1,0.06,0.8400000000000001,0.7283999999999999
google_bert,0.1,0.08,0.8200000000000001,0.7292000000000001
google_bert,0.1,0.1,0.8,0.7296999999999999
google_bert,0.1,0.12,0.78,0.7298
google_bert,0.1,0.14,0.76,0.73
google_bert,0.1,0.16,0.74,0.7305
google_bert,0.1,0.18,0.72,0.7297
google_bert,0.1,0.2,0.7,0.7286
google_bert,0.1,0.22,0.68,0.7273999999999999
google_bert,0.1,0.24,0.66,0.7255
google_bert,0.1,0.26,0.64,0.7248000000000001
google_bert,0.1,0.28,0.62,0.7242
google_bert,0.1,0.3,0.6000000000000001,0.7233999999999999
google_bert,0.1,0.32,0.5800000000000001,0.7231000000000001
google_bert,0.1,0.34,0.56,0.7230999999999999
google_bert,0.1,0.36,0.54,0.7225
google_bert,0.1,0.38,0.52,0.7212999999999999
google_bert,0.1,0.4,0.5,0.7199999999999999
google_bert,0.1,0.42,0.48000000000000004,0.7179
google_bert,0.1,0.44,0.46,0.7163999999999999
google_bert,0.1,0.46,0.44,0.7152999999999999
google_bert,0.1,0.48,0.42000000000000004,0.713
google_bert,0.1,0.5,0.4,0.7119000000000001
google_bert,0.1,0.52,0.38,0.7101000000000001
google_bert,0.1,0.54,0.36,0.7091000000000001
google_bert,0.1,0.56,0.33999999999999997,0.7073
google_bert,0.1,0.58,0.32000000000000006,0.7065
google_bert,0.1,0.6,0.30000000000000004,0.7057
google_bert,0.1,0.62,0.28,0.7047
google_bert,0.1,0.64,0.26,0.7042
google_bert,0.1,0.66,0.24,0.7035999999999999
google_bert,0.1,0.68,0.21999999999999997,0.7025
google_bert,0.1,0.7000000000000001,0.19999999999999996,0.7009000000000001
google_bert,0.1,0.72,0.18000000000000005,0.6998
google_bert,0.1,0.74,0.16000000000000003,0.6987000000000001
google_bert,0.1,0.76,0.14,0.6978000000000001
google_bert,0.1,0.78,0.12,0.6969000000000001
google_bert,0.1,0.8,0.09999999999999998,0.6962
google_bert,0.1,0.8200000000000001,0.07999999999999996,0.695
google_bert,0.1,0.84,0.06000000000000005,0.693
google_bert,0.1,0.86,0.040000000000000036,0.6917000000000001
google_bert,0.1,0.88,0.020000000000000018,0.6908
google_bert,0.1,0.9,0.0,0.6862999999999999
google_bert,0.12,0.0,0.88,0.7236000000000001
google_bert,0.12,0.02,0.86,0.7265
google_bert,0.12,0.04,0.84,0.7285
google_bert,0.12,0.06,0.8200000000000001,0.7292000000000001
google_bert,0.12,0.08,0.8,0.7295
google_bert,0.12,0.1,0.78,0.7301
google_bert,0.12,0.12,0.76,0.7303
google_bert,0.12,0.14,0.74,0.7303
google_bert,0.12,0.16,0.72,0.7294
google_bert,0.12,0.18,0.7,0.729
google_bert,0.12,0.2,0.6799999999999999,0.7273999999999999
google_bert,0.12,0.22,0.66,0.7260999999999999
google_bert,0.12,0.24,0.64,0.7242999999999999
google_bert,0.12,0.26,0.62,0.7230999999999999
google_bert,0.12,0.28,0.6,0.7232000000000001
google_bert,0.12,0.3,0.5800000000000001,0.7229000000000001
google_bert,0.12,0.32,0.56,0.7228
google_bert,0.12,0.34,0.54,0.7225
google_bert,0.12,0.36,0.52,0.7219
google_bert,0.12,0.38,0.5,0.72
google_bert,0.12,0.4,0.48,0.718
google_bert,0.12,0.42,0.46,0.7163999999999999
google_bert,0.12,0.44,0.44,0.7145999999999999
google_bert,0.12,0.46,0.42,0.7132000000000001
google_bert,0.12,0.48,0.4,0.7119000000000001
google_bert,0.12,0.5,0.38,0.7099000000000001
google_bert,0.12,0.52,0.36,0.7089
google_bert,0.12,0.54,0.33999999999999997,0.708
google_bert,0.12,0.56,0.31999999999999995,0.707
google_bert,0.12,0.58,0.30000000000000004,0.7058
google_bert,0.12,0.6,0.28,0.7051000000000002
google_bert,0.12,0.62,0.26,0.7042
google_bert,0.12,0.64,0.24,0.704
google_bert,0.12,0.66,0.21999999999999997,0.7023
google_bert,0.12,0.68,0.19999999999999996,0.701
google_bert,0.12,0.7000000000000001,0.17999999999999994,0.699
google_bert,0.12,0.72,0.16000000000000003,0.6984000000000001
google_bert,0.12,0.74,0.14,0.6977000000000001
google_bert,0.12,0.76,0.12,0.6964000000000001
google_bert,0.12,0.78,0.09999999999999998,0.6960999999999999
google_bert,0.12,0.8,0.07999999999999996,0.6946
google_bert,0.12,0.8200000000000001,0.05999999999999994,0.6934
google_bert,0.12,0.84,0.040000000000000036,0.6920999999999999
google_bert,0.12,0.86,0.020000000000000018,0.691
google_bert,0.12,0.88,0.0,0.6869
google_bert,0.14,0.0,0.86,0.7265999999999999
google_bert,0.14,0.02,0.84,0.7278
google_bert,0.14,0.04,0.82,0.7288
google_bert,0.14,0.06,0.8,0.7293
google_bert,0.14,0.08,0.78,0.7301
google_bert,0.14,0.1,0.76,0.7302000000000001
google_bert,0.14,0.12,0.74,0.7296
google_bert,0.14,0.14,0.72,0.7293
google_bert,0.14,0.16,0.7,0.7293000000000001
google_bert,0.14,0.18,0.6799999999999999,0.7270999999999999
google_bert,0.14,0.2,0.6599999999999999,0.7264
google_bert,0.14,0.22,0.64,0.7249000000000001
google_bert,0.14,0.24,0.62,0.7236
google_bert,0.14,0.26,0.6,0.7231000000000001
google_bert,0.14,0.28,0.58,0.7228000000000001
google_bert,0.14,0.3,0.56,0.7225999999999999
google_bert,0.14,0.32,0.54,0.7226
google_bert,0.14,0.34,0.52,0.7221000000000001
google_bert,0.14,0.36,0.5,0.7203999999999999
google_bert,0.14,0.38,0.48,0.718
google_bert,0.14,0.4,0.45999999999999996,0.7171000000000001
google_bert,0.14,0.42,0.44,0.7142000000000001
google_bert,0.14,0.44,0.42,0.7131
google_bert,0.14,0.46,0.39999999999999997,0.7118
google_bert,0.14,0.48,0.38,0.7101000000000001
google_bert,0.14,0.5,0.36,0.709
google_bert,0.14,0.52,0.33999999999999997,0.7082999999999999
google_bert,0.14,0.54,0.31999999999999995,0.7069000000000001
google_bert,0.14,0.56,0.29999999999999993,0.7067
google_bert,0.14,0.58,0.28,0.7052999999999999
google_bert,0.14,0.6,0.26,0.7042999999999999
google_bert,0.14,0.62,0.24,0.704
google_bert,0.14,0.64,0.21999999999999997,0.7028
google_bert,0.14,0.66,0.19999999999999996,0.7007000000000001
google_bert,0.14,0.68,0.17999999999999994,0.6992
google_bert,0.14,0.7000000000000001,0.15999999999999992,0.6983
google_bert,0.14,0.72,0.14,0.6975
google_bert,0.14,0.74,0.12,0.6965999999999999
google_bert,0.14,0.76,0.09999999999999998,0.6962
google_bert,0.14,0.78,0.07999999999999996,0.6949000000000001
google_bert,0.14,0.8,0.05999999999999994,0.6937000000000001
google_bert,0.14,0.8200000000000001,0.039999999999999925,0.6927000000000001
google_bert,0.14,0.84,0.020000000000000018,0.6911
google_bert,0.14,0.86,0.0,0.6871
google_bert,0.16,0.0,0.84,0.7282000000000001
google_bert,0.16,0.02,0.82,0.7280999999999999
google_bert,0.16,0.04,0.7999999999999999,0.729
google_bert,0.16,0.06,0.78,0.7299
google_bert,0.16,0.08,0.76,0.7298
google_bert,0.16,0.1,0.74,0.7298
google_bert,0.16,0.12,0.72,0.7289000000000001
google_bert,0.16,0.14,0.7,0.7289000000000001
google_bert,0.16,0.16,0.6799999999999999,0.7275
google_bert,0.16,0.18,0.6599999999999999,0.7263
google_bert,0.16,0.2,0.6399999999999999,0.7242999999999999
google_bert,0.16,0.22,0.62,0.7237
google_bert,0.16,0.24,0.6,0.723
google_bert,0.16,0.26,0.58,0.723
google_bert,0.16,0.28,0.5599999999999999,0.7226
google_bert,0.16,0.3,0.54,0.723
google_bert,0.16,0.32,0.52,0.7223
google_bert,0.16,0.34,0.49999999999999994,0.7205
google_bert,0.16,0.36,0.48,0.7181000000000001
google_bert,0.16,0.38,0.45999999999999996,0.7169000000000001
google_bert,0.16,0.4,0.43999999999999995,0.7145
google_bert,0.16,0.42,0.42,0.713
google_bert,0.16,0.44,0.39999999999999997,0.7119
google_bert,0.16,0.46,0.37999999999999995,0.7097
google_bert,0.16,0.48,0.36,0.7092999999999999
google_bert,0.16,0.5,0.33999999999999997,0.7089000000000001
google_bert,0.16,0.52,0.31999999999999995,0.707
google_bert,0.16,0.54,0.29999999999999993,0.7068
google_bert,0.16,0.56,0.2799999999999999,0.7058
google_bert,0.16,0.58,0.26,0.7051000000000001
google_bert,0.16,0.6,0.24,0.7045
google_bert,0.16,0.62,0.21999999999999997,0.7027
google_bert,0.16,0.64,0.19999999999999996,0.701
google_bert,0.16,0.66,0.17999999999999994,0.6994
google_bert,0.16,0.68,0.15999999999999992,0.6986
google_bert,0.16,0.7000000000000001,0.1399999999999999,0.6977000000000001
google_bert,0.16,0.72,0.12,0.6962
google_bert,0.16,0.74,0.09999999999999998,0.6962
google_bert,0.16,0.76,0.07999999999999996,0.6948
google_bert,0.16,0.78,0.05999999999999994,0.6938
google_bert,0.16,0.8,0.039999999999999925,0.6926
google_bert,0.16,0.8200000000000001,0.019999999999999907,0.6909000000000001
google_bert,0.16,0.84,0.0,0.6869
google_bert,0.18,0.0,0.8200000000000001,0.7283
google_bert,0.18,0.02,0.8,0.7283999999999999
google_bert,0.18,0.04,0.78,0.7303
google_bert,0.18,0.06,0.76,0.73
google_bert,0.18,0.08,0.7400000000000001,0.7293999999999999
google_bert,0.18,0.1,0.7200000000000001,0.7294
google_bert,0.18,0.12,0.7000000000000001,0.7282000000000001
google_bert,0.18,0.14,0.68,0.7275
google_bert,0.18,0.16,0.66,0.7263
google_bert,0.18,0.18,0.6400000000000001,0.7248000000000001
google_bert,0.18,0.2,0.6200000000000001,0.7239000000000001
google_bert,0.18,0.22,0.6000000000000001,0.723
google_bert,0.18,0.24,0.5800000000000001,0.7227
google_bert,0.18,0.26,0.56,0.723
google_bert,0.18,0.28,0.54,0.7232000000000001
google_bert,0.18,0.3,0.52,0.722
google_bert,0.18,0.32,0.5,0.7209
google_bert,0.18,0.34,0.48000000000000004,0.7187
google_bert,0.18,0.36,0.4600000000000001,0.717
google_bert,0.18,0.38,0.44000000000000006,0.7151000000000001
google_bert,0.18,0.4,0.42000000000000004,0.713
google_bert,0.18,0.42,0.4000000000000001,0.712
google_bert,0.18,0.44,0.38000000000000006,0.7096
google_bert,0.18,0.46,0.36000000000000004,0.7092999999999999
google_bert,0.18,0.48,0.3400000000000001,0.7087
google_bert,0.18,0.5,0.32000000000000006,0.7079000000000001
google_bert,0.18,0.52,0.30000000000000004,0.7072
google_bert,0.18,0.54,0.28,0.7062999999999999
google_bert,0.18,0.56,0.26,0.7052
google_bert,0.18,0.58,0.2400000000000001,0.7047
google_bert,0.18,0.6,0.22000000000000008,0.7031000000000001
google_bert,0.18,0.62,0.20000000000000007,0.7018
google_bert,0.18,0.64,0.18000000000000005,0.7003
google_bert,0.18,0.66,0.16000000000000003,0.6987000000000001
google_bert,0.18,0.68,0.14,0.6977000000000001
google_bert,0.18,0.7000000000000001,0.12,0.6961000000000002
google_bert,0.18,0.72,0.10000000000000009,0.6955
google_bert,0.18,0.74,0.08000000000000007,0.6948000000000001
google_bert,0.18,0.76,0.06000000000000005,0.6938
google_bert,0.18,0.78,0.040000000000000036,0.6922
google_bert,0.18,0.8,0.020000000000000018,0.6912
google_bert,0.18,0.8200000000000001,0.0,0.6856
google_bert,0.2,0.0,0.8,0.7284
google_bert,0.2,0.02,0.78,0.7299000000000001
google_bert,0.2,0.04,0.76,0.7301
google_bert,0.2,0.06,0.74,0.729
google_bert,0.2,0.08,0.7200000000000001,0.7288
google_bert,0.2,0.1,0.7000000000000001,0.7283999999999999
google_bert,0.2,0.12,0.68,0.7275
google_bert,0.2,0.14,0.66,0.7267
google_bert,0.2,0.16,0.64,0.725
google_bert,0.2,0.18,0.6200000000000001,0.7237
google_bert,0.2,0.2,0.6000000000000001,0.7237
google_bert,0.2,0.22,0.5800000000000001,0.7225
google_bert,0.2,0.24,0.56,0.723
google_bert,0.2,0.26,0.54,0.7230999999999999
google_bert,0.2,0.28,0.52,0.7223999999999999
google_bert,0.2,0.3,0.5,0.721
google_bert,0.2,0.32,0.48000000000000004,0.7185
google_bert,0.2,0.34,0.46,0.7168
google_bert,0.2,0.36,0.44000000000000006,0.7155
google_bert,0.2,0.38,0.42000000000000004,0.7133999999999999
google_bert,0.2,0.4,0.4,0.7115
google_bert,0.2,0.42,0.38000000000000006,0.7105
google_bert,0.2,0.44,0.36000000000000004,0.7096
google_bert,0.2,0.46,0.34,0.709
google_bert,0.2,0.48,0.32000000000000006,0.7081000000000001
google_bert,0.2,0.5,0.30000000000000004,0.7072
google_bert,0.2,0.52,0.28,0.7061000000000001
google_bert,0.2,0.54,0.26,0.7055
google_bert,0.2,0.56,0.24,0.7047
google_bert,0.2,0.58,0.22000000000000008,0.7042999999999999
google_bert,0.2,0.6,0.20000000000000007,0.7018
google_bert,0.2,0.62,0.18000000000000005,0.7001000000000001
google_bert,0.2,0.64,0.16000000000000003,0.6994
google_bert,0.2,0.66,0.14,0.698
google_bert,0.2,0.68,0.12,0.6964
google_bert,0.2,0.7000000000000001,0.09999999999999998,0.6957000000000001
google_bert,0.2,0.72,0.08000000000000007,0.6949000000000001
google_bert,0.2,0.74,0.06000000000000005,0.6938000000000001
google_bert,0.2,0.76,0.040000000000000036,0.6924
google_bert,0.2,0.78,0.020000000000000018,0.6908
google_bert,0.2,0.8,0.0,0.6877000000000001
google_bert,0.22,0.0,0.78,0.7297
google_bert,0.22,0.02,0.76,0.7302000000000001
google_bert,0.22,0.04,0.74,0.7291
google_bert,0.22,0.06,0.72,0.7283999999999999
google_bert,0.22,0.08,0.7000000000000001,0.7283
google_bert,0.22,0.1,0.68,0.727
google_bert,0.22,0.12,0.66,0.7276
google_bert,0.22,0.14,0.64,0.7253999999999999
google_bert,0.22,0.16,0.62,0.7244
google_bert,0.22,0.18,0.6000000000000001,0.7234
google_bert,0.22,0.2,0.5800000000000001,0.7226
google_bert,0.22,0.22,0.56,0.7225999999999999
google_bert,0.22,0.24,0.54,0.7229
google_bert,0.22,0.26,0.52,0.7222000000000001
google_bert,0.22,0.28,0.5,0.7211
google_bert,0.22,0.3,0.48000000000000004,0.7188
google_bert,0.22,0.32,0.46,0.7172000000000001
google_bert,0.22,0.34,0.44,0.7152999999999999
google_bert,0.22,0.36,0.42000000000000004,0.7139
google_bert,0.22,0.38,0.4,0.7114
google_bert,0.22,0.4,0.38,0.7104000000000001
google_bert,0.22,0.42,0.36000000000000004,0.7098
google_bert,0.22,0.44,0.34,0.7089
google_bert,0.22,0.46,0.32,0.708
google_bert,0.22,0.48,0.30000000000000004,0.7067
google_bert,0.22,0.5,0.28,0.7057
google_bert,0.22,0.52,0.26,0.705
google_bert,0.22,0.54,0.24,0.7048
google_bert,0.22,0.56,0.21999999999999997,0.7042
google_bert,0.22,0.58,0.20000000000000007,0.7024000000000001
google_bert,0.22,0.6,0.18000000000000005,0.7007000000000001
google_bert,0.22,0.62,0.16000000000000003,0.6992999999999999
google_bert,0.22,0.64,0.14,0.6984000000000001
google_bert,0.22,0.66,0.12,0.6966
google_bert,0.22,0.68,0.09999999999999998,0.6957000000000001
google_bert,0.22,0.7000000000000001,0.07999999999999996,0.6952999999999999
google_bert,0.22,0.72,0.06000000000000005,0.694
google_bert,0.22,0.74,0.040000000000000036,0.6925999999999999
google_bert,0.22,0.76,0.020000000000000018,0.6909000000000001
google_bert,0.22,0.78,0.0,0.6891
google_bert,0.24,0.0,0.76,0.7302000000000001
google_bert,0.24,0.02,0.74,0.7287
google_bert,0.24,0.04,0.72,0.7283000000000001
google_bert,0.24,0.06,0.7,0.7279
google_bert,0.24,0.08,0.68,0.7269
google_bert,0.24,0.1,0.66,0.7269
google_bert,0.24,0.12,0.64,0.7259
google_bert,0.24,0.14,0.62,0.7248000000000001
google_bert,0.24,0.16,0.6,0.7235
google_bert,0.24,0.18,0.5800000000000001,0.7225
google_bert,0.24,0.2,0.56,0.7226
google_bert,0.24,0.22,0.54,0.7226000000000001
google_bert,0.24,0.24,0.52,0.7221
google_bert,0.24,0.26,0.5,0.7207
google_bert,0.24,0.28,0.48,0.7195999999999999
google_bert,0.24,0.3,0.46,0.7177
google_bert,0.24,0.32,0.44,0.7149
google_bert,0.24,0.34,0.42,0.7138
google_bert,0.24,0.36,0.4,0.7115999999999999
google_bert,0.24,0.38,0.38,0.7104
google_bert,0.24,0.4,0.36,0.7095
google_bert,0.24,0.42,0.34,0.7085
google_bert,0.24,0.44,0.32,0.7081
google_bert,0.24,0.46,0.3,0.7072999999999999
google_bert,0.24,0.48,0.28,0.7061000000000001
google_bert,0.24,0.5,0.26,0.7052
google_bert,0.24,0.52,0.24,0.7048
google_bert,0.24,0.54,0.21999999999999997,0.7036
google_bert,0.24,0.56,0.19999999999999996,0.703
google_bert,0.24,0.58,0.18000000000000005,0.7009
google_bert,0.24,0.6,0.16000000000000003,0.6998000000000001
google_bert,0.24,0.62,0.14,0.6981
google_bert,0.24,0.64,0.12,0.6964000000000001
google_bert,0.24,0.66,0.09999999999999998,0.6957000000000001
google_bert,0.24,0.68,0.07999999999999996,0.6955
google_bert,0.24,0.7000000000000001,0.05999999999999994,0.6941
google_bert,0.24,0.72,0.040000000000000036,0.6924000000000001
google_bert,0.24,0.74,0.020000000000000018,0.6913
google_bert,0.24,0.76,0.0,0.6878
google_bert,0.26,0.0,0.74,0.7284
google_bert,0.26,0.02,0.72,0.7289000000000001
google_bert,0.26,0.04,0.7,0.7281
google_bert,0.26,0.06,0.6799999999999999,0.7266
google_bert,0.26,0.08,0.66,0.7264
google_bert,0.26,0.1,0.64,0.7252000000000001
google_bert,0.26,0.12,0.62,0.7246
google_bert,0.26,0.14,0.6,0.7242999999999999
google_bert,0.26,0.16,0.58,0.7231000000000001
google_bert,0.26,0.18,0.56,0.7229
google_bert,0.26,0.2,0.54,0.7227
google_bert,0.26,0.22,0.52,0.7219
google_bert,0.26,0.24,0.5,0.7207
google_bert,0.26,0.26,0.48,0.7193999999999999
google_bert,0.26,0.28,0.45999999999999996,0.7175999999999999
google_bert,0.26,0.3,0.44,0.7153999999999999
google_bert,0.26,0.32,0.42,0.713
google_bert,0.26,0.34,0.39999999999999997,0.7122
google_bert,0.26,0.36,0.38,0.7104000000000001
google_bert,0.26,0.38,0.36,0.7096
google_bert,0.26,0.4,0.33999999999999997,0.7088
google_bert,0.26,0.42,0.32,0.7082999999999999
google_bert,0.26,0.44,0.3,0.7075
google_bert,0.26,0.46,0.27999999999999997,0.7062999999999999
google_bert,0.26,0.48,0.26,0.7047
google_bert,0.26,0.5,0.24,0.7048
google_bert,0.26,0.52,0.21999999999999997,0.7042
google_bert,0.26,0.54,0.19999999999999996,0.7032999999999999
google_bert,0.26,0.56,0.17999999999999994,0.7015
google_bert,0.26,0.58,0.16000000000000003,0.7
google_bert,0.26,0.6,0.14,0.6981
google_bert,0.26,0.62,0.12,0.697
google_bert,0.26,0.64,0.09999999999999998,0.6957000000000001
google_bert,0.26,0.66,0.07999999999999996,0.6947000000000001
google_bert,0.26,0.68,0.05999999999999994,0.6941
google_bert,0.26,0.7000000000000001,0.039999999999999925,0.693
google_bert,0.26,0.72,0.020000000000000018,0.6912999999999999
google_bert,0.26,0.74,0.0,0.6874
google_bert,0.28,0.0,0.72,0.7284
google_bert,0.28,0.02,0.7,0.7279
google_bert,0.28,0.04,0.6799999999999999,0.7265999999999999
google_bert,0.28,0.06,0.6599999999999999,0.7257
google_bert,0.28,0.08,0.64,0.7254
google_bert,0.28,0.1,0.62,0.7248
google_bert,0.28,0.12,0.6,0.724
google_bert,0.28,0.14,0.58,0.723
google_bert,0.28,0.16,0.5599999999999999,0.7226
google_bert,0.28,0.18,0.54,0.7230999999999999
google_bert,0.28,0.2,0.52,0.722
google_bert,0.28,0.22,0.5,0.7205999999999999
google_bert,0.28,0.24,0.48,0.7195
google_bert,0.28,0.26,0.45999999999999996,0.7178
google_bert,0.28,0.28,0.43999999999999995,0.7155
google_bert,0.28,0.3,0.42,0.7135
google_bert,0.28,0.32,0.39999999999999997,0.712
google_bert,0.28,0.34,0.37999999999999995,0.7105
google_bert,0.28,0.36,0.36,0.7097
google_bert,0.28,0.38,0.33999999999999997,0.7087
google_bert,0.28,0.4,0.31999999999999995,0.7085999999999999
google_bert,0.28,0.42,0.3,0.7072
google_bert,0.28,0.44,0.27999999999999997,0.7061
google_bert,0.28,0.46,0.25999999999999995,0.705
google_bert,0.28,0.48,0.24,0.7044
google_bert,0.28,0.5,0.21999999999999997,0.7039000000000001
google_bert,0.28,0.52,0.19999999999999996,0.7032
google_bert,0.28,0.54,0.17999999999999994,0.7019000000000001
google_bert,0.28,0.56,0.15999999999999992,0.7001000000000001
google_bert,0.28,0.58,0.14,0.6985
google_bert,0.28,0.6,0.12,0.6975
google_bert,0.28,0.62,0.09999999999999998,0.6960999999999999
google_bert,0.28,0.64,0.07999999999999996,0.695
google_bert,0.28,0.66,0.05999999999999994,0.6941
google_bert,0.28,0.68,0.039999999999999925,0.693
google_bert,0.28,0.7000000000000001,0.019999999999999907,0.691
google_bert,0.28,0.72,0.0,0.687
google_bert,0.3,0.0,0.7,0.7279000000000001
google_bert,0.3,0.02,0.6799999999999999,0.7265
google_bert,0.3,0.04,0.6599999999999999,0.7259
google_bert,0.3,0.06,0.6399999999999999,0.7248
google_bert,0.3,0.08,0.62,0.7248
google_bert,0.3,0.1,0.6,0.7245
google_bert,0.3,0.12,0.58,0.7228
google_bert,0.3,0.14,0.5599999999999999,0.7224
google_bert,0.3,0.16,0.5399999999999999,0.723
google_bert,0.3,0.18,0.52,0.7219000000000001
google_bert,0.3,0.2,0.49999999999999994,0.7205
google_bert,0.3,0.22,0.48,0.7187
google_bert,0.3,0.24,0.45999999999999996,0.7175
google_bert,0.3,0.26,0.43999999999999995,0.7152000000000001
google_bert,0.3,0.28,0.41999999999999993,0.7136
google_bert,0.3,0.3,0.39999999999999997,0.7127
google_bert,0.3,0.32,0.37999999999999995,0.711
google_bert,0.3,0.34,0.35999999999999993,0.7097
google_bert,0.3,0.36,0.33999999999999997,0.7089000000000001
google_bert,0.3,0.38,0.31999999999999995,0.7082
google_bert,0.3,0.4,0.29999999999999993,0.7067
google_bert,0.3,0.42,0.27999999999999997,0.7062999999999999
google_bert,0.3,0.44,0.25999999999999995,0.705
google_bert,0.3,0.46,0.23999999999999994,0.7045
google_bert,0.3,0.48,0.21999999999999997,0.7039000000000001
google_bert,0.3,0.5,0.19999999999999996,0.7036
google_bert,0.3,0.52,0.17999999999999994,0.7024
google_bert,0.3,0.54,0.15999999999999992,0.7004000000000001
google_bert,0.3,0.56,0.1399999999999999,0.6990999999999999
google_bert,0.3,0.58,0.12,0.6978000000000001
google_bert,0.3,0.6,0.09999999999999998,0.6960999999999999
google_bert,0.3,0.62,0.07999999999999996,0.6954
google_bert,0.3,0.64,0.05999999999999994,0.6941
google_bert,0.3,0.66,0.039999999999999925,0.6922999999999999
google_bert,0.3,0.68,0.019999999999999907,0.6909000000000001
google_bert,0.32,0.0,0.6799999999999999,0.7269000000000001
google_bert,0.32,0.02,0.6599999999999999,0.7254
google_bert,0.32,0.04,0.6399999999999999,0.7252000000000001
google_bert,0.32,0.06,0.6199999999999999,0.7255
google_bert,0.32,0.08,0.6,0.7248
google_bert,0.32,0.1,0.58,0.7227
google_bert,0.32,0.12,0.5599999999999999,0.7222999999999999
google_bert,0.32,0.14,0.5399999999999999,0.7228
google_bert,0.32,0.16,0.5199999999999999,0.7225999999999999
google_bert,0.32,0.18,0.49999999999999994,0.7205
google_bert,0.32,0.2,0.4799999999999999,0.7182000000000001
google_bert,0.32,0.22,0.45999999999999996,0.7172000000000001
google_bert,0.32,0.24,0.43999999999999995,0.7152000000000001
google_bert,0.32,0.26,0.41999999999999993,0.7137
google_bert,0.32,0.28,0.3999999999999999,0.7123999999999999
google_bert,0.32,0.3,0.37999999999999995,0.7109
google_bert,0.32,0.32,0.35999999999999993,0.7094
google_bert,0.32,0.34,0.3399999999999999,0.7085
google_bert,0.32,0.36,0.31999999999999995,0.7078000000000001
google_bert,0.32,0.38,0.29999999999999993,0.707
google_bert,0.32,0.4,0.2799999999999999,0.7061999999999999
google_bert,0.32,0.42,0.25999999999999995,0.7057
google_bert,0.32,0.44,0.23999999999999994,0.7044
google_bert,0.32,0.46,0.21999999999999992,0.704
google_bert,0.32,0.48,0.19999999999999996,0.7035
google_bert,0.32,0.5,0.17999999999999994,0.7027
google_bert,0.32,0.52,0.15999999999999992,0.7008
google_bert,0.32,0.54,0.1399999999999999,0.699
google_bert,0.32,0.56,0.11999999999999988,0.6978
google_bert,0.32,0.58,0.09999999999999998,0.6965
google_bert,0.32,0.6,0.07999999999999996,0.695
google_bert,0.32,0.62,0.05999999999999994,0.694
google_bert,0.32,0.64,0.039999999999999925,0.6922999999999999
google_bert,0.32,0.66,0.019999999999999907,0.6908
google_bert,0.34,0.0,0.6599999999999999,0.726
google_bert,0.34,0.02,0.6399999999999999,0.7245
google_bert,0.34,0.04,0.6199999999999999,0.7249
google_bert,0.34,0.06,0.5999999999999999,0.7246
google_bert,0.34,0.08,0.58,0.7225
google_bert,0.34,0.1,0.5599999999999999,0.7226
google_bert,0.34,0.12,0.5399999999999999,0.7225
google_bert,0.34,0.14,0.5199999999999999,0.7221000000000001
google_bert,0.34,0.16,0.4999999999999999,0.7202999999999999
google_bert,0.34,0.18,0.4799999999999999,0.7181000000000001
google_bert,0.34,0.2,0.4599999999999999,0.7169000000000001
google_bert,0.34,0.22,0.43999999999999995,0.7153
google_bert,0.34,0.24,0.41999999999999993,0.7139
google_bert,0.34,0.26,0.3999999999999999,0.7125999999999999
google_bert,0.34,0.28,0.3799999999999999,0.7112
google_bert,0.34,0.3,0.35999999999999993,0.71
google_bert,0.34,0.32,0.3399999999999999,0.7084
google_bert,0.34,0.34,0.3199999999999999,0.7076
google_bert,0.34,0.36,0.29999999999999993,0.7072999999999999
google_bert,0.34,0.38,0.2799999999999999,0.7064
google_bert,0.34,0.4,0.2599999999999999,0.706
google_bert,0.34,0.42,0.23999999999999994,0.7048
google_bert,0.34,0.44,0.21999999999999992,0.7037
google_bert,0.34,0.46,0.1999999999999999,0.7032999999999999
google_bert,0.34,0.48,0.17999999999999994,0.7032
google_bert,0.34,0.5,0.15999999999999992,0.7014
google_bert,0.34,0.52,0.1399999999999999,0.6995
google_bert,0.34,0.54,0.11999999999999988,0.6978
google_bert,0.34,0.56,0.09999999999999987,0.6962999999999999
google_bert,0.34,0.58,0.07999999999999996,0.6954000000000001
google_bert,0.34,0.6,0.05999999999999994,0.694
google_bert,0.34,0.62,0.039999999999999925,0.6922
google_bert,0.34,0.64,0.019999999999999907,0.691
google_bert,0.36,0.0,0.64,0.7248
google_bert,0.36,0.02,0.62,0.7245
google_bert,0.36,0.04,0.6,0.7244
google_bert,0.36,0.06,0.5800000000000001,0.7229
google_bert,0.36,0.08,0.56,0.7225
google_bert,0.36,0.1,0.54,0.722
google_bert,0.36,0.12,0.52,0.7218
google_bert,0.36,0.14,0.5,0.7199000000000001
google_bert,0.36,0.16,0.48,0.7187
google_bert,0.36,0.18,0.46,0.7166
google_bert,0.36,0.2,0.44,0.7154
google_bert,0.36,0.22,0.42000000000000004,0.7141000000000001
google_bert,0.36,0.24,0.4,0.7127
google_bert,0.36,0.26,0.38,0.7117
google_bert,0.36,0.28,0.36,0.7096
google_bert,0.36,0.3,0.34,0.7087
google_bert,0.36,0.32,0.32,0.7072999999999999
google_bert,0.36,0.34,0.3,0.707
google_bert,0.36,0.36,0.28,0.7059
google_bert,0.36,0.38,0.26,0.7059
google_bert,0.36,0.4,0.24,0.705
google_bert,0.36,0.42,0.22000000000000003,0.7044000000000001
google_bert,0.36,0.44,0.2,0.7032999999999999
google_bert,0.36,0.46,0.18,0.7032
google_bert,0.36,0.48,0.16000000000000003,0.7014000000000001
google_bert,0.36,0.5,0.14,0.6992999999999999
google_bert,0.36,0.52,0.12,0.698
google_bert,0.36,0.54,0.09999999999999998,0.6965999999999999
google_bert,0.36,0.56,0.07999999999999996,0.6957
google_bert,0.36,0.58,0.06000000000000005,0.6942999999999999
google_bert,0.36,0.6,0.040000000000000036,0.6923000000000001
google_bert,0.36,0.62,0.020000000000000018,0.6915
google_bert,0.36,0.64,0.0,0.6876
google_bert,0.38,0.0,0.62,0.7248000000000001
google_bert,0.38,0.02,0.6,0.7238000000000001
google_bert,0.38,0.04,0.58,0.7227
google_bert,0.38,0.06,0.56,0.7226
google_bert,0.38,0.08,0.54,0.7222000000000001
google_bert,0.38,0.1,0.52,0.7213999999999999
google_bert,0.38,0.12,0.5,0.7197
google_bert,0.38,0.14,0.48,0.7183999999999999
google_bert,0.38,0.16,0.45999999999999996,0.7171000000000001
google_bert,0.38,0.18,0.44,0.7157
google_bert,0.38,0.2,0.42,0.7153
google_bert,0.38,0.22,0.4,0.7125999999999999
google_bert,0.38,0.24,0.38,0.7122
google_bert,0.38,0.26,0.36,0.7099
google_bert,0.38,0.28,0.33999999999999997,0.7088
google_bert,0.38,0.3,0.32,0.7068
google_bert,0.38,0.32,0.3,0.7072
google_bert,0.38,0.34,0.27999999999999997,0.7056999999999999
google_bert,0.38,0.36,0.26,0.706
google_bert,0.38,0.38,0.24,0.7054
google_bert,0.38,0.4,0.21999999999999997,0.704
google_bert,0.38,0.42,0.2,0.7032
google_bert,0.38,0.44,0.18,0.703
google_bert,0.38,0.46,0.15999999999999998,0.7018
google_bert,0.38,0.48,0.14,0.6996
google_bert,0.38,0.5,0.12,0.6981
google_bert,0.38,0.52,0.09999999999999998,0.6972999999999999
google_bert,0.38,0.54,0.07999999999999996,0.6960999999999999
google_bert,0.38,0.56,0.05999999999999994,0.6945
google_bert,0.38,0.58,0.040000000000000036,0.6925
google_bert,0.38,0.6,0.020000000000000018,0.6913
google_bert,0.38,0.62,0.0,0.6879000000000001
google_bert,0.4,0.0,0.6,0.7234
google_bert,0.4,0.02,0.58,0.7228
google_bert,0.4,0.04,0.5599999999999999,0.7227
google_bert,0.4,0.06,0.54,0.7223
google_bert,0.4,0.08,0.52,0.7212000000000001
google_bert,0.4,0.1,0.5,0.7204
google_bert,0.4,0.12,0.48,0.7182999999999999
google_bert,0.4,0.14,0.45999999999999996,0.7166
google_bert,0.4,0.16,0.43999999999999995,0.7154
google_bert,0.4,0.18,0.42,0.715
google_bert,0.4,0.2,0.39999999999999997,0.7125
google_bert,0.4,0.22,0.38,0.7119
google_bert,0.4,0.24,0.36,0.71
google_bert,0.4,0.26,0.33999999999999997,0.7085
google_bert,0.4,0.28,0.31999999999999995,0.7074
google_bert,0.4,0.3,0.3,0.7067
google_bert,0.4,0.32,0.27999999999999997,0.7057
google_bert,0.4,0.34,0.25999999999999995,0.7062
google_bert,0.4,0.36,0.24,0.7054
google_bert,0.4,0.38,0.21999999999999997,0.7041
google_bert,0.4,0.4,0.19999999999999996,0.703
google_bert,0.4,0.42,0.18,0.7025
google_bert,0.4,0.44,0.15999999999999998,0.7015999999999999
google_bert,0.4,0.46,0.13999999999999996,0.6999000000000001
google_bert,0.4,0.48,0.12,0.6989
google_bert,0.4,0.5,0.09999999999999998,0.6975999999999999
google_bert,0.4,0.52,0.07999999999999996,0.6963
google_bert,0.4,0.54,0.05999999999999994,0.6952
google_bert,0.4,0.56,0.039999999999999925,0.6927000000000001
google_bert,0.4,0.58,0.020000000000000018,0.6912
google_bert,0.4,0.6,0.0,0.6883
google_bert,0.42,0.0,0.5800000000000001,0.7223999999999999
google_bert,0.42,0.02,0.56,0.722
google_bert,0.42,0.04,0.54,0.722
google_bert,0.42,0.06,0.52,0.721
google_bert,0.42,0.08,0.5000000000000001,0.7202999999999999
google_bert,0.42,0.1,0.4800000000000001,0.7183999999999999
google_bert,0.42,0.12,0.4600000000000001,0.7175
google_bert,0.42,0.14,0.44000000000000006,0.7156
google_bert,0.42,0.16,0.42000000000000004,0.7146
google_bert,0.42,0.18,0.4000000000000001,0.7127
google_bert,0.42,0.2,0.38000000000000006,0.7121000000000001
google_bert,0.42,0.22,0.3600000000000001,0.7101
google_bert,0.42,0.24,0.3400000000000001,0.7085999999999999
google_bert,0.42,0.26,0.32000000000000006,0.7073
google_bert,0.42,0.28,0.30000000000000004,0.7065
google_bert,0.42,0.3,0.2800000000000001,0.7062999999999999
google_bert,0.42,0.32,0.26000000000000006,0.7062999999999999
google_bert,0.42,0.34,0.24000000000000005,0.7052999999999999
google_bert,0.42,0.36,0.22000000000000008,0.704
google_bert,0.42,0.38,0.20000000000000007,0.7029
google_bert,0.42,0.4,0.18000000000000005,0.7025
