model,alpha (BM25),beta (TF-IDF),gamma (Transformer),recall@5
rubert_tiny_turbo,0.0,0.0,1.0,0.9094000000000001
rubert_tiny_turbo,0.0,0.02,0.98,0.9090999999999999
rubert_tiny_turbo,0.0,0.04,0.96,0.9085
rubert_tiny_turbo,0.0,0.06,0.94,0.9074000000000001
rubert_tiny_turbo,0.0,0.08,0.92,0.9065000000000001
rubert_tiny_turbo,0.0,0.1,0.9,0.9042
rubert_tiny_turbo,0.0,0.12,0.88,0.9026000000000001
rubert_tiny_turbo,0.0,0.14,0.86,0.9008
rubert_tiny_turbo,0.0,0.16,0.84,0.8983
rubert_tiny_turbo,0.0,0.18,0.8200000000000001,0.8955
rubert_tiny_turbo,0.0,0.2,0.8,0.8919000000000001
rubert_tiny_turbo,0.0,0.22,0.78,0.889
rubert_tiny_turbo,0.0,0.24,0.76,0.8847
rubert_tiny_turbo,0.0,0.26,0.74,0.8805
rubert_tiny_turbo,0.0,0.28,0.72,0.8754000000000001
rubert_tiny_turbo,0.0,0.3,0.7,0.8720000000000001
rubert_tiny_turbo,0.0,0.32,0.6799999999999999,0.8687
rubert_tiny_turbo,0.0,0.34,0.6599999999999999,0.8643
rubert_tiny_turbo,0.0,0.36,0.64,0.8597
rubert_tiny_turbo,0.0,0.38,0.62,0.8543000000000001
rubert_tiny_turbo,0.0,0.4,0.6,0.8486
rubert_tiny_turbo,0.0,0.42,0.5800000000000001,0.8443
rubert_tiny_turbo,0.0,0.44,0.56,0.8383
rubert_tiny_turbo,0.0,0.46,0.54,0.8337
rubert_tiny_turbo,0.0,0.48,0.52,0.8274000000000001
rubert_tiny_turbo,0.0,0.5,0.5,0.8212999999999999
rubert_tiny_turbo,0.0,0.52,0.48,0.815
rubert_tiny_turbo,0.0,0.54,0.45999999999999996,0.8097000000000002
rubert_tiny_turbo,0.0,0.56,0.43999999999999995,0.8036000000000001
rubert_tiny_turbo,0.0,0.58,0.42000000000000004,0.7986
rubert_tiny_turbo,0.0,0.6,0.4,0.7926
rubert_tiny_turbo,0.0,0.62,0.38,0.7875
rubert_tiny_turbo,0.0,0.64,0.36,0.7822
rubert_tiny_turbo,0.0,0.66,0.33999999999999997,0.7765
rubert_tiny_turbo,0.0,0.68,0.31999999999999995,0.7722
rubert_tiny_turbo,0.0,0.7000000000000001,0.29999999999999993,0.7662
rubert_tiny_turbo,0.0,0.72,0.28,0.7603
rubert_tiny_turbo,0.0,0.74,0.26,0.7556
rubert_tiny_turbo,0.0,0.76,0.24,0.7512000000000001
rubert_tiny_turbo,0.0,0.78,0.21999999999999997,0.7454000000000001
rubert_tiny_turbo,0.0,0.8,0.19999999999999996,0.7407999999999999
rubert_tiny_turbo,0.0,0.8200000000000001,0.17999999999999994,0.7347
rubert_tiny_turbo,0.0,0.84,0.16000000000000003,0.7298
rubert_tiny_turbo,0.0,0.86,0.14,0.7241000000000001
rubert_tiny_turbo,0.0,0.88,0.12,0.7186
rubert_tiny_turbo,0.0,0.9,0.09999999999999998,0.7137
rubert_tiny_turbo,0.0,0.92,0.07999999999999996,0.7085
rubert_tiny_turbo,0.0,0.9400000000000001,0.05999999999999994,0.7044
rubert_tiny_turbo,0.0,0.96,0.040000000000000036,0.7005999999999999
rubert_tiny_turbo,0.0,0.98,0.020000000000000018,0.6964000000000001
rubert_tiny_turbo,0.0,1.0,0.0,0.6857000000000001
rubert_tiny_turbo,0.02,0.0,0.98,0.9091000000000001
rubert_tiny_turbo,0.02,0.02,0.96,0.9088
rubert_tiny_turbo,0.02,0.04,0.94,0.9071
rubert_tiny_turbo,0.02,0.06,0.9199999999999999,0.9063000000000001
rubert_tiny_turbo,0.02,0.08,0.9,0.904
rubert_tiny_turbo,0.02,0.1,0.88,0.9026000000000001
rubert_tiny_turbo,0.02,0.12,0.86,0.901
rubert_tiny_turbo,0.02,0.14,0.84,0.8981000000000001
rubert_tiny_turbo,0.02,0.16,0.82,0.8956000000000001
rubert_tiny_turbo,0.02,0.18,0.8,0.8916000000000002
rubert_tiny_turbo,0.02,0.2,0.78,0.8883000000000001
rubert_tiny_turbo,0.02,0.22,0.76,0.8849000000000001
rubert_tiny_turbo,0.02,0.24,0.74,0.8803000000000001
rubert_tiny_turbo,0.02,0.26,0.72,0.8759000000000001
rubert_tiny_turbo,0.02,0.28,0.7,0.8720000000000001
rubert_tiny_turbo,0.02,0.3,0.6799999999999999,0.8689000000000001
rubert_tiny_turbo,0.02,0.32,0.6599999999999999,0.8643000000000001
rubert_tiny_turbo,0.02,0.34,0.6399999999999999,0.8596000000000001
rubert_tiny_turbo,0.02,0.36,0.62,0.8541
rubert_tiny_turbo,0.02,0.38,0.6,0.8490000000000001
rubert_tiny_turbo,0.02,0.4,0.58,0.844
rubert_tiny_turbo,0.02,0.42,0.56,0.8389000000000001
rubert_tiny_turbo,0.02,0.44,0.54,0.8335999999999999
rubert_tiny_turbo,0.02,0.46,0.52,0.8275
rubert_tiny_turbo,0.02,0.48,0.5,0.8212
rubert_tiny_turbo,0.02,0.5,0.48,0.8155
rubert_tiny_turbo,0.02,0.52,0.45999999999999996,0.81
rubert_tiny_turbo,0.02,0.54,0.43999999999999995,0.804
rubert_tiny_turbo,0.02,0.56,0.41999999999999993,0.7987000000000001
rubert_tiny_turbo,0.02,0.58,0.4,0.7923
rubert_tiny_turbo,0.02,0.6,0.38,0.7877000000000001
rubert_tiny_turbo,0.02,0.62,0.36,0.7828999999999999
rubert_tiny_turbo,0.02,0.64,0.33999999999999997,0.777
rubert_tiny_turbo,0.02,0.66,0.31999999999999995,0.7726000000000002
rubert_tiny_turbo,0.02,0.68,0.29999999999999993,0.7669000000000001
rubert_tiny_turbo,0.02,0.7000000000000001,0.2799999999999999,0.7603
rubert_tiny_turbo,0.02,0.72,0.26,0.7557
rubert_tiny_turbo,0.02,0.74,0.24,0.7510999999999999
rubert_tiny_turbo,0.02,0.76,0.21999999999999997,0.7461
rubert_tiny_turbo,0.02,0.78,0.19999999999999996,0.7411000000000001
rubert_tiny_turbo,0.02,0.8,0.17999999999999994,0.7347
rubert_tiny_turbo,0.02,0.8200000000000001,0.15999999999999992,0.7298
rubert_tiny_turbo,0.02,0.84,0.14,0.7242000000000001
rubert_tiny_turbo,0.02,0.86,0.12,0.7191000000000001
rubert_tiny_turbo,0.02,0.88,0.09999999999999998,0.7135
rubert_tiny_turbo,0.02,0.9,0.07999999999999996,0.7084
rubert_tiny_turbo,0.02,0.92,0.05999999999999994,0.7046
rubert_tiny_turbo,0.02,0.9400000000000001,0.039999999999999925,0.7004
rubert_tiny_turbo,0.02,0.96,0.020000000000000018,0.6962
rubert_tiny_turbo,0.02,0.98,0.0,0.6857000000000001
rubert_tiny_turbo,0.04,0.0,0.96,0.9086000000000001
rubert_tiny_turbo,0.04,0.02,0.94,0.9071
rubert_tiny_turbo,0.04,0.04,0.9199999999999999,0.9066
rubert_tiny_turbo,0.04,0.06,0.8999999999999999,0.9042
rubert_tiny_turbo,0.04,0.08,0.88,0.9026000000000001
rubert_tiny_turbo,0.04,0.1,0.86,0.9012
rubert_tiny_turbo,0.04,0.12,0.84,0.8982
rubert_tiny_turbo,0.04,0.14,0.82,0.8958000000000002
rubert_tiny_turbo,0.04,0.16,0.7999999999999999,0.892
rubert_tiny_turbo,0.04,0.18,0.78,0.8888
rubert_tiny_turbo,0.04,0.2,0.76,0.8854000000000001
rubert_tiny_turbo,0.04,0.22,0.74,0.8799000000000001
rubert_tiny_turbo,0.04,0.24,0.72,0.8763000000000001
rubert_tiny_turbo,0.04,0.26,0.7,0.8727
rubert_tiny_turbo,0.04,0.28,0.6799999999999999,0.8692000000000001
rubert_tiny_turbo,0.04,0.3,0.6599999999999999,0.8646000000000001
rubert_tiny_turbo,0.04,0.32,0.6399999999999999,0.8595
rubert_tiny_turbo,0.04,0.34,0.6199999999999999,0.8541
rubert_tiny_turbo,0.04,0.36,0.6,0.8489000000000001
rubert_tiny_turbo,0.04,0.38,0.58,0.8441000000000001
rubert_tiny_turbo,0.04,0.4,0.5599999999999999,0.8390000000000001
rubert_tiny_turbo,0.04,0.42,0.54,0.8331000000000001
rubert_tiny_turbo,0.04,0.44,0.52,0.8272999999999999
rubert_tiny_turbo,0.04,0.46,0.49999999999999994,0.8212
rubert_tiny_turbo,0.04,0.48,0.48,0.8154000000000001
rubert_tiny_turbo,0.04,0.5,0.45999999999999996,0.8098000000000001
rubert_tiny_turbo,0.04,0.52,0.43999999999999995,0.8045
rubert_tiny_turbo,0.04,0.54,0.41999999999999993,0.7989
rubert_tiny_turbo,0.04,0.56,0.3999999999999999,0.793
rubert_tiny_turbo,0.04,0.58,0.38,0.7875
rubert_tiny_turbo,0.04,0.6,0.36,0.7829
rubert_tiny_turbo,0.04,0.62,0.33999999999999997,0.7768
rubert_tiny_turbo,0.04,0.64,0.31999999999999995,0.7724000000000001
rubert_tiny_turbo,0.04,0.66,0.29999999999999993,0.7667999999999999
rubert_tiny_turbo,0.04,0.68,0.2799999999999999,0.7604
rubert_tiny_turbo,0.04,0.7000000000000001,0.2599999999999999,0.7559
rubert_tiny_turbo,0.04,0.72,0.24,0.7511
rubert_tiny_turbo,0.04,0.74,0.21999999999999997,0.7466
rubert_tiny_turbo,0.04,0.76,0.19999999999999996,0.741
rubert_tiny_turbo,0.04,0.78,0.17999999999999994,0.7353
rubert_tiny_turbo,0.04,0.8,0.15999999999999992,0.7303
rubert_tiny_turbo,0.04,0.8200000000000001,0.1399999999999999,0.7245
rubert_tiny_turbo,0.04,0.84,0.12,0.7188
rubert_tiny_turbo,0.04,0.86,0.09999999999999998,0.7131
rubert_tiny_turbo,0.04,0.88,0.07999999999999996,0.7082999999999999
rubert_tiny_turbo,0.04,0.9,0.05999999999999994,0.7046000000000001
rubert_tiny_turbo,0.04,0.92,0.039999999999999925,0.7005
rubert_tiny_turbo,0.04,0.9400000000000001,0.019999999999999907,0.6965
rubert_tiny_turbo,0.04,0.96,0.0,0.686
rubert_tiny_turbo,0.06,0.0,0.94,0.9077000000000001
rubert_tiny_turbo,0.06,0.02,0.9199999999999999,0.906
rubert_tiny_turbo,0.06,0.04,0.8999999999999999,0.9043
rubert_tiny_turbo,0.06,0.06,0.8799999999999999,0.9029
rubert_tiny_turbo,0.06,0.08,0.86,0.9013000000000001
rubert_tiny_turbo,0.06,0.1,0.84,0.8985
rubert_tiny_turbo,0.06,0.12,0.82,0.8955000000000001
rubert_tiny_turbo,0.06,0.14,0.7999999999999999,0.8915
rubert_tiny_turbo,0.06,0.16,0.7799999999999999,0.8893
rubert_tiny_turbo,0.06,0.18,0.76,0.8854000000000001
rubert_tiny_turbo,0.06,0.2,0.74,0.8809000000000001
rubert_tiny_turbo,0.06,0.22,0.72,0.8766
rubert_tiny_turbo,0.06,0.24,0.7,0.8730000000000001
rubert_tiny_turbo,0.06,0.26,0.6799999999999999,0.8694000000000001
rubert_tiny_turbo,0.06,0.28,0.6599999999999999,0.8649000000000001
rubert_tiny_turbo,0.06,0.3,0.6399999999999999,0.8600000000000001
rubert_tiny_turbo,0.06,0.32,0.6199999999999999,0.8545000000000001
rubert_tiny_turbo,0.06,0.34,0.5999999999999999,0.8492000000000001
rubert_tiny_turbo,0.06,0.36,0.58,0.8439000000000001
rubert_tiny_turbo,0.06,0.38,0.5599999999999999,0.8386
rubert_tiny_turbo,0.06,0.4,0.5399999999999999,0.8326000000000001
rubert_tiny_turbo,0.06,0.42,0.52,0.8268000000000001
rubert_tiny_turbo,0.06,0.44,0.49999999999999994,0.8212
rubert_tiny_turbo,0.06,0.46,0.4799999999999999,0.8157000000000001
rubert_tiny_turbo,0.06,0.48,0.45999999999999996,0.8099000000000001
rubert_tiny_turbo,0.06,0.5,0.43999999999999995,0.8054000000000001
rubert_tiny_turbo,0.06,0.52,0.41999999999999993,0.7988
rubert_tiny_turbo,0.06,0.54,0.3999999999999999,0.7934000000000001
rubert_tiny_turbo,0.06,0.56,0.3799999999999999,0.7874000000000001
rubert_tiny_turbo,0.06,0.58,0.36,0.7832
rubert_tiny_turbo,0.06,0.6,0.33999999999999997,0.7767999999999999
rubert_tiny_turbo,0.06,0.62,0.31999999999999995,0.7724000000000001
rubert_tiny_turbo,0.06,0.64,0.29999999999999993,0.7667
rubert_tiny_turbo,0.06,0.66,0.2799999999999999,0.7606
rubert_tiny_turbo,0.06,0.68,0.2599999999999999,0.7564000000000001
rubert_tiny_turbo,0.06,0.7000000000000001,0.23999999999999988,0.7511
rubert_tiny_turbo,0.06,0.72,0.21999999999999997,0.7471
rubert_tiny_turbo,0.06,0.74,0.19999999999999996,0.7406
rubert_tiny_turbo,0.06,0.76,0.17999999999999994,0.7358
rubert_tiny_turbo,0.06,0.78,0.15999999999999992,0.7307
rubert_tiny_turbo,0.06,0.8,0.1399999999999999,0.7245
rubert_tiny_turbo,0.06,0.8200000000000001,0.11999999999999988,0.7193
rubert_tiny_turbo,0.06,0.84,0.09999999999999998,0.7135999999999999
rubert_tiny_turbo,0.06,0.86,0.07999999999999996,0.7084000000000001
rubert_tiny_turbo,0.06,0.88,0.05999999999999994,0.7048
rubert_tiny_turbo,0.06,0.9,0.039999999999999925,0.7002999999999999
rubert_tiny_turbo,0.06,0.92,0.019999999999999907,0.6967000000000001
rubert_tiny_turbo,0.08,0.0,0.92,0.9052
rubert_tiny_turbo,0.08,0.02,0.9,0.9038
rubert_tiny_turbo,0.08,0.04,0.88,0.9027000000000001
rubert_tiny_turbo,0.08,0.06,0.8600000000000001,0.9012
rubert_tiny_turbo,0.08,0.08,0.8400000000000001,0.8985
rubert_tiny_turbo,0.08,0.1,0.8200000000000001,0.8957
rubert_tiny_turbo,0.08,0.12,0.8,0.8917999999999999
rubert_tiny_turbo,0.08,0.14,0.78,0.8887
rubert_tiny_turbo,0.08,0.16,0.76,0.8854000000000001
rubert_tiny_turbo,0.08,0.18,0.74,0.8815
rubert_tiny_turbo,0.08,0.2,0.72,0.8769000000000001
rubert_tiny_turbo,0.08,0.22,0.7000000000000001,0.8727
rubert_tiny_turbo,0.08,0.24,0.68,0.8697
rubert_tiny_turbo,0.08,0.26,0.66,0.8648
rubert_tiny_turbo,0.08,0.28,0.64,0.8595000000000002
rubert_tiny_turbo,0.08,0.3,0.6200000000000001,0.8541000000000001
rubert_tiny_turbo,0.08,0.32,0.6000000000000001,0.8488
rubert_tiny_turbo,0.08,0.34,0.5800000000000001,0.844
rubert_tiny_turbo,0.08,0.36,0.56,0.839
rubert_tiny_turbo,0.08,0.38,0.54,0.8323
rubert_tiny_turbo,0.08,0.4,0.52,0.8269000000000001
rubert_tiny_turbo,0.08,0.42,0.5,0.8212
rubert_tiny_turbo,0.08,0.44,0.48000000000000004,0.8152
rubert_tiny_turbo,0.08,0.46,0.46,0.8104000000000001
rubert_tiny_turbo,0.08,0.48,0.44000000000000006,0.8052
rubert_tiny_turbo,0.08,0.5,0.42000000000000004,0.7992
rubert_tiny_turbo,0.08,0.52,0.4,0.7936000000000001
rubert_tiny_turbo,0.08,0.54,0.38,0.7875
rubert_tiny_turbo,0.08,0.56,0.36,0.7837000000000001
rubert_tiny_turbo,0.08,0.58,0.3400000000000001,0.7773000000000001
rubert_tiny_turbo,0.08,0.6,0.32000000000000006,0.7725
rubert_tiny_turbo,0.08,0.62,0.30000000000000004,0.7668
rubert_tiny_turbo,0.08,0.64,0.28,0.7617999999999999
rubert_tiny_turbo,0.08,0.66,0.26,0.7565
rubert_tiny_turbo,0.08,0.68,0.24,0.7515
rubert_tiny_turbo,0.08,0.7000000000000001,0.21999999999999997,0.7469000000000001
rubert_tiny_turbo,0.08,0.72,0.20000000000000007,0.7410999999999999
rubert_tiny_turbo,0.08,0.74,0.18000000000000005,0.7361
rubert_tiny_turbo,0.08,0.76,0.16000000000000003,0.7307
rubert_tiny_turbo,0.08,0.78,0.14,0.7247
rubert_tiny_turbo,0.08,0.8,0.12,0.7201
rubert_tiny_turbo,0.08,0.8200000000000001,0.09999999999999998,0.7142000000000001
rubert_tiny_turbo,0.08,0.84,0.08000000000000007,0.7087
rubert_tiny_turbo,0.08,0.86,0.06000000000000005,0.7048
rubert_tiny_turbo,0.08,0.88,0.040000000000000036,0.6999000000000001
rubert_tiny_turbo,0.08,0.9,0.020000000000000018,0.6965
rubert_tiny_turbo,0.08,0.92,0.0,0.6865999999999999
rubert_tiny_turbo,0.1,0.0,0.9,0.9036000000000001
rubert_tiny_turbo,0.1,0.02,0.88,0.9027000000000001
rubert_tiny_turbo,0.1,0.04,0.86,0.9014
rubert_tiny_turbo,0.1,0.06,0.8400000000000001,0.899
rubert_tiny_turbo,0.1,0.08,0.8200000000000001,0.8956000000000001
rubert_tiny_turbo,0.1,0.1,0.8,0.8920000000000001
rubert_tiny_turbo,0.1,0.12,0.78,0.8887999999999999
rubert_tiny_turbo,0.1,0.14,0.76,0.8859000000000001
rubert_tiny_turbo,0.1,0.16,0.74,0.8816
rubert_tiny_turbo,0.1,0.18,0.72,0.8771000000000001
rubert_tiny_turbo,0.1,0.2,0.7,0.8728
rubert_tiny_turbo,0.1,0.22,0.68,0.8691
rubert_tiny_turbo,0.1,0.24,0.66,0.8648
rubert_tiny_turbo,0.1,0.26,0.64,0.8596000000000001
rubert_tiny_turbo,0.1,0.28,0.62,0.8539000000000001
rubert_tiny_turbo,0.1,0.3,0.6000000000000001,0.8484
rubert_tiny_turbo,0.1,0.32,0.5800000000000001,0.8442000000000001
rubert_tiny_turbo,0.1,0.34,0.56,0.839
rubert_tiny_turbo,0.1,0.36,0.54,0.8321000000000001
rubert_tiny_turbo,0.1,0.38,0.52,0.8266
rubert_tiny_turbo,0.1,0.4,0.5,0.8211000000000002
rubert_tiny_turbo,0.1,0.42,0.48000000000000004,0.8158000000000001
rubert_tiny_turbo,0.1,0.44,0.46,0.8107000000000001
rubert_tiny_turbo,0.1,0.46,0.44,0.8051
rubert_tiny_turbo,0.1,0.48,0.42000000000000004,0.7995
rubert_tiny_turbo,0.1,0.5,0.4,0.7932
rubert_tiny_turbo,0.1,0.52,0.38,0.7878
rubert_tiny_turbo,0.1,0.54,0.36,0.7836000000000001
rubert_tiny_turbo,0.1,0.56,0.33999999999999997,0.7778
rubert_tiny_turbo,0.1,0.58,0.32000000000000006,0.7725
rubert_tiny_turbo,0.1,0.6,0.30000000000000004,0.7667999999999999
rubert_tiny_turbo,0.1,0.62,0.28,0.7621
rubert_tiny_turbo,0.1,0.64,0.26,0.7569
rubert_tiny_turbo,0.1,0.66,0.24,0.7515000000000002
rubert_tiny_turbo,0.1,0.68,0.21999999999999997,0.7467
rubert_tiny_turbo,0.1,0.7000000000000001,0.19999999999999996,0.7415
rubert_tiny_turbo,0.1,0.72,0.18000000000000005,0.7363
rubert_tiny_turbo,0.1,0.74,0.16000000000000003,0.7312000000000001
rubert_tiny_turbo,0.1,0.76,0.14,0.7253999999999999
rubert_tiny_turbo,0.1,0.78,0.12,0.7202999999999999
rubert_tiny_turbo,0.1,0.8,0.09999999999999998,0.7141
rubert_tiny_turbo,0.1,0.8200000000000001,0.07999999999999996,0.709
rubert_tiny_turbo,0.1,0.84,0.06000000000000005,0.7052999999999999
rubert_tiny_turbo,0.1,0.86,0.040000000000000036,0.7002
rubert_tiny_turbo,0.1,0.88,0.020000000000000018,0.6967000000000001
rubert_tiny_turbo,0.1,0.9,0.0,0.6862999999999999
rubert_tiny_turbo,0.12,0.0,0.88,0.9023
rubert_tiny_turbo,0.12,0.02,0.86,0.9017999999999999
rubert_tiny_turbo,0.12,0.04,0.84,0.899
rubert_tiny_turbo,0.12,0.06,0.8200000000000001,0.8955
rubert_tiny_turbo,0.12,0.08,0.8,0.8917
rubert_tiny_turbo,0.12,0.1,0.78,0.8887
rubert_tiny_turbo,0.12,0.12,0.76,0.8863000000000001
rubert_tiny_turbo,0.12,0.14,0.74,0.8816
rubert_tiny_turbo,0.12,0.16,0.72,0.8773
rubert_tiny_turbo,0.12,0.18,0.7,0.8729000000000001
rubert_tiny_turbo,0.12,0.2,0.6799999999999999,0.8693000000000001
rubert_tiny_turbo,0.12,0.22,0.66,0.8637
rubert_tiny_turbo,0.12,0.24,0.64,0.8591
rubert_tiny_turbo,0.12,0.26,0.62,0.854
rubert_tiny_turbo,0.12,0.28,0.6,0.8488000000000001
rubert_tiny_turbo,0.12,0.3,0.5800000000000001,0.8445
rubert_tiny_turbo,0.12,0.32,0.56,0.839
rubert_tiny_turbo,0.12,0.34,0.54,0.8324000000000001
rubert_tiny_turbo,0.12,0.36,0.52,0.8265
rubert_tiny_turbo,0.12,0.38,0.5,0.8212
rubert_tiny_turbo,0.12,0.4,0.48,0.8155
rubert_tiny_turbo,0.12,0.42,0.46,0.8107000000000001
rubert_tiny_turbo,0.12,0.44,0.44,0.8054000000000001
rubert_tiny_turbo,0.12,0.46,0.42,0.7997000000000001
rubert_tiny_turbo,0.12,0.48,0.4,0.793
rubert_tiny_turbo,0.12,0.5,0.38,0.7877000000000001
rubert_tiny_turbo,0.12,0.52,0.36,0.7832
rubert_tiny_turbo,0.12,0.54,0.33999999999999997,0.7778999999999999
rubert_tiny_turbo,0.12,0.56,0.31999999999999995,0.7724
rubert_tiny_turbo,0.12,0.58,0.30000000000000004,0.7671999999999999
rubert_tiny_turbo,0.12,0.6,0.28,0.7623000000000001
rubert_tiny_turbo,0.12,0.62,0.26,0.7574000000000001
rubert_tiny_turbo,0.12,0.64,0.24,0.7520999999999999
rubert_tiny_turbo,0.12,0.66,0.21999999999999997,0.7467
rubert_tiny_turbo,0.12,0.68,0.19999999999999996,0.7415
rubert_tiny_turbo,0.12,0.7000000000000001,0.17999999999999994,0.7361
rubert_tiny_turbo,0.12,0.72,0.16000000000000003,0.7315
rubert_tiny_turbo,0.12,0.74,0.14,0.7253999999999999
rubert_tiny_turbo,0.12,0.76,0.12,0.7209
rubert_tiny_turbo,0.12,0.78,0.09999999999999998,0.7147
rubert_tiny_turbo,0.12,0.8,0.07999999999999996,0.7089000000000001
rubert_tiny_turbo,0.12,0.8200000000000001,0.05999999999999994,0.7056999999999999
rubert_tiny_turbo,0.12,0.84,0.040000000000000036,0.7008
rubert_tiny_turbo,0.12,0.86,0.020000000000000018,0.6964
rubert_tiny_turbo,0.12,0.88,0.0,0.6869
rubert_tiny_turbo,0.14,0.0,0.86,0.9016000000000002
rubert_tiny_turbo,0.14,0.02,0.84,0.8993
rubert_tiny_turbo,0.14,0.04,0.82,0.8959000000000001
rubert_tiny_turbo,0.14,0.06,0.8,0.8916000000000002
rubert_tiny_turbo,0.14,0.08,0.78,0.8885000000000001
rubert_tiny_turbo,0.14,0.1,0.76,0.8862000000000001
rubert_tiny_turbo,0.14,0.12,0.74,0.8815
rubert_tiny_turbo,0.14,0.14,0.72,0.8772000000000001
rubert_tiny_turbo,0.14,0.16,0.7,0.8725
rubert_tiny_turbo,0.14,0.18,0.6799999999999999,0.8693
rubert_tiny_turbo,0.14,0.2,0.6599999999999999,0.864
rubert_tiny_turbo,0.14,0.22,0.64,0.8588
rubert_tiny_turbo,0.14,0.24,0.62,0.854
rubert_tiny_turbo,0.14,0.26,0.6,0.8487
rubert_tiny_turbo,0.14,0.28,0.58,0.844
rubert_tiny_turbo,0.14,0.3,0.56,0.8387
rubert_tiny_turbo,0.14,0.32,0.54,0.8324000000000001
rubert_tiny_turbo,0.14,0.34,0.52,0.8268000000000001
rubert_tiny_turbo,0.14,0.36,0.5,0.8212
rubert_tiny_turbo,0.14,0.38,0.48,0.8154000000000001
rubert_tiny_turbo,0.14,0.4,0.45999999999999996,0.811
rubert_tiny_turbo,0.14,0.42,0.44,0.8057000000000001
rubert_tiny_turbo,0.14,0.44,0.42,0.7999
rubert_tiny_turbo,0.14,0.46,0.39999999999999997,0.793
rubert_tiny_turbo,0.14,0.48,0.38,0.7876000000000001
rubert_tiny_turbo,0.14,0.5,0.36,0.7832
rubert_tiny_turbo,0.14,0.52,0.33999999999999997,0.7784000000000001
rubert_tiny_turbo,0.14,0.54,0.31999999999999995,0.7723
rubert_tiny_turbo,0.14,0.56,0.29999999999999993,0.7673
rubert_tiny_turbo,0.14,0.58,0.28,0.7624000000000001
rubert_tiny_turbo,0.14,0.6,0.26,0.7577999999999999
rubert_tiny_turbo,0.14,0.62,0.24,0.7527
rubert_tiny_turbo,0.14,0.64,0.21999999999999997,0.747
rubert_tiny_turbo,0.14,0.66,0.19999999999999996,0.7419
rubert_tiny_turbo,0.14,0.68,0.17999999999999994,0.7360999999999999
rubert_tiny_turbo,0.14,0.7000000000000001,0.15999999999999992,0.732
rubert_tiny_turbo,0.14,0.72,0.14,0.7255
rubert_tiny_turbo,0.14,0.74,0.12,0.721
rubert_tiny_turbo,0.14,0.76,0.09999999999999998,0.7149000000000001
rubert_tiny_turbo,0.14,0.78,0.07999999999999996,0.7092999999999999
rubert_tiny_turbo,0.14,0.8,0.05999999999999994,0.706
rubert_tiny_turbo,0.14,0.8200000000000001,0.039999999999999925,0.7016
rubert_tiny_turbo,0.14,0.84,0.020000000000000018,0.6967
rubert_tiny_turbo,0.14,0.86,0.0,0.6871
rubert_tiny_turbo,0.16,0.0,0.84,0.8994
rubert_tiny_turbo,0.16,0.02,0.82,0.8962
rubert_tiny_turbo,0.16,0.04,0.7999999999999999,0.8916000000000002
rubert_tiny_turbo,0.16,0.06,0.78,0.8886000000000001
rubert_tiny_turbo,0.16,0.08,0.76,0.8865
rubert_tiny_turbo,0.16,0.1,0.74,0.8816
rubert_tiny_turbo,0.16,0.12,0.72,0.8769000000000001
rubert_tiny_turbo,0.16,0.14,0.7,0.8727
rubert_tiny_turbo,0.16,0.16,0.6799999999999999,0.8691
rubert_tiny_turbo,0.16,0.18,0.6599999999999999,0.8638000000000001
rubert_tiny_turbo,0.16,0.2,0.6399999999999999,0.8589000000000001
rubert_tiny_turbo,0.16,0.22,0.62,0.854
rubert_tiny_turbo,0.16,0.24,0.6,0.8489000000000001
rubert_tiny_turbo,0.16,0.26,0.58,0.844
rubert_tiny_turbo,0.16,0.28,0.5599999999999999,0.8387
rubert_tiny_turbo,0.16,0.3,0.54,0.8324000000000001
rubert_tiny_turbo,0.16,0.32,0.52,0.8265000000000001
rubert_tiny_turbo,0.16,0.34,0.49999999999999994,0.8213
rubert_tiny_turbo,0.16,0.36,0.48,0.8158
rubert_tiny_turbo,0.16,0.38,0.45999999999999996,0.8107000000000001
rubert_tiny_turbo,0.16,0.4,0.43999999999999995,0.8054000000000001
rubert_tiny_turbo,0.16,0.42,0.42,0.7998000000000001
rubert_tiny_turbo,0.16,0.44,0.39999999999999997,0.793
rubert_tiny_turbo,0.16,0.46,0.37999999999999995,0.788
rubert_tiny_turbo,0.16,0.48,0.36,0.7832
rubert_tiny_turbo,0.16,0.5,0.33999999999999997,0.7781
rubert_tiny_turbo,0.16,0.52,0.31999999999999995,0.7726000000000001
rubert_tiny_turbo,0.16,0.54,0.29999999999999993,0.7673000000000001
rubert_tiny_turbo,0.16,0.56,0.2799999999999999,0.7621
rubert_tiny_turbo,0.16,0.58,0.26,0.7575
rubert_tiny_turbo,0.16,0.6,0.24,0.7525
rubert_tiny_turbo,0.16,0.62,0.21999999999999997,0.7469000000000001
rubert_tiny_turbo,0.16,0.64,0.19999999999999996,0.7421000000000001
rubert_tiny_turbo,0.16,0.66,0.17999999999999994,0.7365999999999999
rubert_tiny_turbo,0.16,0.68,0.15999999999999992,0.7324
rubert_tiny_turbo,0.16,0.7000000000000001,0.1399999999999999,0.7257
rubert_tiny_turbo,0.16,0.72,0.12,0.7212999999999999
rubert_tiny_turbo,0.16,0.74,0.09999999999999998,0.7156
rubert_tiny_turbo,0.16,0.76,0.07999999999999996,0.7097
rubert_tiny_turbo,0.16,0.78,0.05999999999999994,0.7062999999999999
rubert_tiny_turbo,0.16,0.8,0.039999999999999925,0.7018
rubert_tiny_turbo,0.16,0.8200000000000001,0.019999999999999907,0.6972999999999999
rubert_tiny_turbo,0.16,0.84,0.0,0.6869
rubert_tiny_turbo,0.18,0.0,0.8200000000000001,0.8958
rubert_tiny_turbo,0.18,0.02,0.8,0.8919000000000001
rubert_tiny_turbo,0.18,0.04,0.78,0.8888
rubert_tiny_turbo,0.18,0.06,0.76,0.8865
rubert_tiny_turbo,0.18,0.08,0.7400000000000001,0.882
rubert_tiny_turbo,0.18,0.1,0.7200000000000001,0.8765000000000002
rubert_tiny_turbo,0.18,0.12,0.7000000000000001,0.8726000000000002
rubert_tiny_turbo,0.18,0.14,0.68,0.8686
rubert_tiny_turbo,0.18,0.16,0.66,0.8643000000000001
rubert_tiny_turbo,0.18,0.18,0.6400000000000001,0.8589000000000001
rubert_tiny_turbo,0.18,0.2,0.6200000000000001,0.8539000000000001
rubert_tiny_turbo,0.18,0.22,0.6000000000000001,0.8488000000000001
rubert_tiny_turbo,0.18,0.24,0.5800000000000001,0.8438
rubert_tiny_turbo,0.18,0.26,0.56,0.8383
rubert_tiny_turbo,0.18,0.28,0.54,0.8324
rubert_tiny_turbo,0.18,0.3,0.52,0.826
rubert_tiny_turbo,0.18,0.32,0.5,0.821
rubert_tiny_turbo,0.18,0.34,0.48000000000000004,0.8158
rubert_tiny_turbo,0.18,0.36,0.4600000000000001,0.8102999999999999
rubert_tiny_turbo,0.18,0.38,0.44000000000000006,0.8052
rubert_tiny_turbo,0.18,0.4,0.42000000000000004,0.7997000000000001
rubert_tiny_turbo,0.18,0.42,0.4000000000000001,0.7933
rubert_tiny_turbo,0.18,0.44,0.38000000000000006,0.7879
rubert_tiny_turbo,0.18,0.46,0.36000000000000004,0.7831
rubert_tiny_turbo,0.18,0.48,0.3400000000000001,0.7779
rubert_tiny_turbo,0.18,0.5,0.32000000000000006,0.7730999999999999
rubert_tiny_turbo,0.18,0.52,0.30000000000000004,0.7676000000000001
rubert_tiny_turbo,0.18,0.54,0.28,0.7626000000000001
rubert_tiny_turbo,0.18,0.56,0.26,0.758
rubert_tiny_turbo,0.18,0.58,0.2400000000000001,0.7525
rubert_tiny_turbo,0.18,0.6,0.22000000000000008,0.7473000000000001
rubert_tiny_turbo,0.18,0.62,0.20000000000000007,0.742
rubert_tiny_turbo,0.18,0.64,0.18000000000000005,0.7367
rubert_tiny_turbo,0.18,0.66,0.16000000000000003,0.7325999999999999
rubert_tiny_turbo,0.18,0.68,0.14,0.7259
rubert_tiny_turbo,0.18,0.7000000000000001,0.12,0.7213999999999999
rubert_tiny_turbo,0.18,0.72,0.10000000000000009,0.7162000000000001
rubert_tiny_turbo,0.18,0.74,0.08000000000000007,0.7101
rubert_tiny_turbo,0.18,0.76,0.06000000000000005,0.7067
rubert_tiny_turbo,0.18,0.78,0.040000000000000036,0.702
rubert_tiny_turbo,0.18,0.8,0.020000000000000018,0.6975
rubert_tiny_turbo,0.18,0.8200000000000001,0.0,0.6856
rubert_tiny_turbo,0.2,0.0,0.8,0.8922
rubert_tiny_turbo,0.2,0.02,0.78,0.8889
rubert_tiny_turbo,0.2,0.04,0.76,0.8865999999999999
rubert_tiny_turbo,0.2,0.06,0.74,0.8821000000000001
rubert_tiny_turbo,0.2,0.08,0.7200000000000001,0.8767000000000001
rubert_tiny_turbo,0.2,0.1,0.7000000000000001,0.8725
rubert_tiny_turbo,0.2,0.12,0.68,0.8687999999999999
rubert_tiny_turbo,0.2,0.14,0.66,0.8645
rubert_tiny_turbo,0.2,0.16,0.64,0.8591
rubert_tiny_turbo,0.2,0.18,0.6200000000000001,0.8535
rubert_tiny_turbo,0.2,0.2,0.6000000000000001,0.8488000000000001
rubert_tiny_turbo,0.2,0.22,0.5800000000000001,0.8435
rubert_tiny_turbo,0.2,0.24,0.56,0.8382000000000001
rubert_tiny_turbo,0.2,0.26,0.54,0.833
rubert_tiny_turbo,0.2,0.28,0.52,0.8261000000000001
rubert_tiny_turbo,0.2,0.3,0.5,0.8205
rubert_tiny_turbo,0.2,0.32,0.48000000000000004,0.8154000000000001
rubert_tiny_turbo,0.2,0.34,0.46,0.8109000000000001
rubert_tiny_turbo,0.2,0.36,0.44000000000000006,0.8057000000000001
rubert_tiny_turbo,0.2,0.38,0.42000000000000004,0.7995
rubert_tiny_turbo,0.2,0.4,0.4,0.7936
rubert_tiny_turbo,0.2,0.42,0.38000000000000006,0.7881
rubert_tiny_turbo,0.2,0.44,0.36000000000000004,0.7831000000000001
rubert_tiny_turbo,0.2,0.46,0.34,0.7784
rubert_tiny_turbo,0.2,0.48,0.32000000000000006,0.7723000000000001
rubert_tiny_turbo,0.2,0.5,0.30000000000000004,0.7673
rubert_tiny_turbo,0.2,0.52,0.28,0.7628
rubert_tiny_turbo,0.2,0.54,0.26,0.7581
rubert_tiny_turbo,0.2,0.56,0.24,0.753
rubert_tiny_turbo,0.2,0.58,0.22000000000000008,0.7481000000000001
rubert_tiny_turbo,0.2,0.6,0.20000000000000007,0.7424000000000001
rubert_tiny_turbo,0.2,0.62,0.18000000000000005,0.7370999999999999
rubert_tiny_turbo,0.2,0.64,0.16000000000000003,0.7327
rubert_tiny_turbo,0.2,0.66,0.14,0.7262000000000001
rubert_tiny_turbo,0.2,0.68,0.12,0.7218
rubert_tiny_turbo,0.2,0.7000000000000001,0.09999999999999998,0.7162999999999999
rubert_tiny_turbo,0.2,0.72,0.08000000000000007,0.7105
rubert_tiny_turbo,0.2,0.74,0.06000000000000005,0.7068
rubert_tiny_turbo,0.2,0.76,0.040000000000000036,0.7019000000000001
rubert_tiny_turbo,0.2,0.78,0.020000000000000018,0.6979
rubert_tiny_turbo,0.2,0.8,0.0,0.6877000000000001
rubert_tiny_turbo,0.22,0.0,0.78,0.889
rubert_tiny_turbo,0.22,0.02,0.76,0.8863
rubert_tiny_turbo,0.22,0.04,0.74,0.8823000000000001
rubert_tiny_turbo,0.22,0.06,0.72,0.8767
rubert_tiny_turbo,0.22,0.08,0.7000000000000001,0.8729000000000001
rubert_tiny_turbo,0.22,0.1,0.68,0.8691
rubert_tiny_turbo,0.22,0.12,0.66,0.8645
rubert_tiny_turbo,0.22,0.14,0.64,0.8588000000000001
rubert_tiny_turbo,0.22,0.16,0.62,0.8534
rubert_tiny_turbo,0.22,0.18,0.6000000000000001,0.8489000000000001
rubert_tiny_turbo,0.22,0.2,0.5800000000000001,0.8437
rubert_tiny_turbo,0.22,0.22,0.56,0.8382999999999999
rubert_tiny_turbo,0.22,0.24,0.54,0.8331000000000002
rubert_tiny_turbo,0.22,0.26,0.52,0.8262
rubert_tiny_turbo,0.22,0.28,0.5,0.82
rubert_tiny_turbo,0.22,0.3,0.48000000000000004,0.8158000000000001
rubert_tiny_turbo,0.22,0.32,0.46,0.8105
rubert_tiny_turbo,0.22,0.34,0.44,0.8050999999999999
rubert_tiny_turbo,0.22,0.36,0.42000000000000004,0.7993000000000001
rubert_tiny_turbo,0.22,0.38,0.4,0.7940999999999999
rubert_tiny_turbo,0.22,0.4,0.38,0.7879
rubert_tiny_turbo,0.22,0.42,0.36000000000000004,0.7833
rubert_tiny_turbo,0.22,0.44,0.34,0.7783
rubert_tiny_turbo,0.22,0.46,0.32,0.7724000000000001
rubert_tiny_turbo,0.22,0.48,0.30000000000000004,0.7674
rubert_tiny_turbo,0.22,0.5,0.28,0.7627999999999999
rubert_tiny_turbo,0.22,0.52,0.26,0.7584000000000001
rubert_tiny_turbo,0.22,0.54,0.24,0.7533
rubert_tiny_turbo,0.22,0.56,0.21999999999999997,0.7481
rubert_tiny_turbo,0.22,0.58,0.20000000000000007,0.7422000000000001
rubert_tiny_turbo,0.22,0.6,0.18000000000000005,0.7374
rubert_tiny_turbo,0.22,0.62,0.16000000000000003,0.7329
rubert_tiny_turbo,0.22,0.64,0.14,0.7262000000000001
rubert_tiny_turbo,0.22,0.66,0.12,0.722
rubert_tiny_turbo,0.22,0.68,0.09999999999999998,0.7162000000000001
rubert_tiny_turbo,0.22,0.7000000000000001,0.07999999999999996,0.7107
rubert_tiny_turbo,0.22,0.72,0.06000000000000005,0.7065999999999999
rubert_tiny_turbo,0.22,0.74,0.040000000000000036,0.7022
rubert_tiny_turbo,0.22,0.76,0.020000000000000018,0.6980999999999999
rubert_tiny_turbo,0.22,0.78,0.0,0.6891
rubert_tiny_turbo,0.24,0.0,0.76,0.8857999999999999
rubert_tiny_turbo,0.24,0.02,0.74,0.8822000000000001
rubert_tiny_turbo,0.24,0.04,0.72,0.8763000000000001
rubert_tiny_turbo,0.24,0.06,0.7,0.8727
rubert_tiny_turbo,0.24,0.08,0.68,0.8691000000000001
rubert_tiny_turbo,0.24,0.1,0.66,0.8646
rubert_tiny_turbo,0.24,0.12,0.64,0.8587
rubert_tiny_turbo,0.24,0.14,0.62,0.8534
rubert_tiny_turbo,0.24,0.16,0.6,0.8485
rubert_tiny_turbo,0.24,0.18,0.5800000000000001,0.844
rubert_tiny_turbo,0.24,0.2,0.56,0.838
rubert_tiny_turbo,0.24,0.22,0.54,0.833
rubert_tiny_turbo,0.24,0.24,0.52,0.8266
rubert_tiny_turbo,0.24,0.26,0.5,0.8204000000000001
rubert_tiny_turbo,0.24,0.28,0.48,0.816
rubert_tiny_turbo,0.24,0.3,0.46,0.81
rubert_tiny_turbo,0.24,0.32,0.44,0.805
rubert_tiny_turbo,0.24,0.34,0.42,0.799
rubert_tiny_turbo,0.24,0.36,0.4,0.7935999999999999
rubert_tiny_turbo,0.24,0.38,0.38,0.788
rubert_tiny_turbo,0.24,0.4,0.36,0.7832
rubert_tiny_turbo,0.24,0.42,0.34,0.7783000000000001
rubert_tiny_turbo,0.24,0.44,0.32,0.7722
rubert_tiny_turbo,0.24,0.46,0.3,0.7674000000000001
rubert_tiny_turbo,0.24,0.48,0.28,0.7632000000000001
rubert_tiny_turbo,0.24,0.5,0.26,0.7586
rubert_tiny_turbo,0.24,0.52,0.24,0.7535
rubert_tiny_turbo,0.24,0.54,0.21999999999999997,0.7473000000000001
rubert_tiny_turbo,0.24,0.56,0.19999999999999996,0.7426
rubert_tiny_turbo,0.24,0.58,0.18000000000000005,0.7377
rubert_tiny_turbo,0.24,0.6,0.16000000000000003,0.7330999999999999
rubert_tiny_turbo,0.24,0.62,0.14,0.7267
rubert_tiny_turbo,0.24,0.64,0.12,0.7223
rubert_tiny_turbo,0.24,0.66,0.09999999999999998,0.7167
rubert_tiny_turbo,0.24,0.68,0.07999999999999996,0.7111000000000001
rubert_tiny_turbo,0.24,0.7000000000000001,0.05999999999999994,0.707
rubert_tiny_turbo,0.24,0.72,0.040000000000000036,0.7028
rubert_tiny_turbo,0.24,0.74,0.020000000000000018,0.6979000000000001
rubert_tiny_turbo,0.24,0.76,0.0,0.6878
rubert_tiny_turbo,0.26,0.0,0.74,0.8826
rubert_tiny_turbo,0.26,0.02,0.72,0.8768
rubert_tiny_turbo,0.26,0.04,0.7,0.8729000000000001
rubert_tiny_turbo,0.26,0.06,0.6799999999999999,0.869
rubert_tiny_turbo,0.26,0.08,0.66,0.864
rubert_tiny_turbo,0.26,0.1,0.64,0.8586
rubert_tiny_turbo,0.26,0.12,0.62,0.8532000000000001
rubert_tiny_turbo,0.26,0.14,0.6,0.8482000000000001
rubert_tiny_turbo,0.26,0.16,0.58,0.8442000000000001
rubert_tiny_turbo,0.26,0.18,0.56,0.8377
rubert_tiny_turbo,0.26,0.2,0.54,0.8328000000000001
rubert_tiny_turbo,0.26,0.22,0.52,0.8266
rubert_tiny_turbo,0.26,0.24,0.5,0.8208
rubert_tiny_turbo,0.26,0.26,0.48,0.8159000000000001
rubert_tiny_turbo,0.26,0.28,0.45999999999999996,0.81
rubert_tiny_turbo,0.26,0.3,0.44,0.8047000000000001
rubert_tiny_turbo,0.26,0.32,0.42,0.7988999999999999
rubert_tiny_turbo,0.26,0.34,0.39999999999999997,0.7934000000000001
rubert_tiny_turbo,0.26,0.36,0.38,0.7877000000000001
rubert_tiny_turbo,0.26,0.38,0.36,0.7833
rubert_tiny_turbo,0.26,0.4,0.33999999999999997,0.7782
rubert_tiny_turbo,0.26,0.42,0.32,0.7726000000000001
rubert_tiny_turbo,0.26,0.44,0.3,0.7676000000000001
rubert_tiny_turbo,0.26,0.46,0.27999999999999997,0.7632000000000001
rubert_tiny_turbo,0.26,0.48,0.26,0.7587999999999999
rubert_tiny_turbo,0.26,0.5,0.24,0.7532000000000001
rubert_tiny_turbo,0.26,0.52,0.21999999999999997,0.7476
rubert_tiny_turbo,0.26,0.54,0.19999999999999996,0.7429
rubert_tiny_turbo,0.26,0.56,0.17999999999999994,0.7378000000000001
rubert_tiny_turbo,0.26,0.58,0.16000000000000003,0.733
rubert_tiny_turbo,0.26,0.6,0.14,0.7269000000000001
rubert_tiny_turbo,0.26,0.62,0.12,0.7223999999999999
rubert_tiny_turbo,0.26,0.64,0.09999999999999998,0.7173
rubert_tiny_turbo,0.26,0.66,0.07999999999999996,0.7122
rubert_tiny_turbo,0.26,0.68,0.05999999999999994,0.707
rubert_tiny_turbo,0.26,0.7000000000000001,0.039999999999999925,0.703
rubert_tiny_turbo,0.26,0.72,0.020000000000000018,0.6977000000000001
rubert_tiny_turbo,0.26,0.74,0.0,0.6874
rubert_tiny_turbo,0.28,0.0,0.72,0.8769000000000001
rubert_tiny_turbo,0.28,0.02,0.7,0.8727
rubert_tiny_turbo,0.28,0.04,0.6799999999999999,0.8696
rubert_tiny_turbo,0.28,0.06,0.6599999999999999,0.8646000000000001
rubert_tiny_turbo,0.28,0.08,0.64,0.859
rubert_tiny_turbo,0.28,0.1,0.62,0.853
rubert_tiny_turbo,0.28,0.12,0.6,0.8478
rubert_tiny_turbo,0.28,0.14,0.58,0.8439000000000001
rubert_tiny_turbo,0.28,0.16,0.5599999999999999,0.8382999999999999
rubert_tiny_turbo,0.28,0.18,0.54,0.8326000000000001
rubert_tiny_turbo,0.28,0.2,0.52,0.8263
rubert_tiny_turbo,0.28,0.22,0.5,0.8211
rubert_tiny_turbo,0.28,0.24,0.48,0.8155
rubert_tiny_turbo,0.28,0.26,0.45999999999999996,0.81
rubert_tiny_turbo,0.28,0.28,0.43999999999999995,0.8046
rubert_tiny_turbo,0.28,0.3,0.42,0.7988999999999999
rubert_tiny_turbo,0.28,0.32,0.39999999999999997,0.793
rubert_tiny_turbo,0.28,0.34,0.37999999999999995,0.7877000000000001
rubert_tiny_turbo,0.28,0.36,0.36,0.7832
rubert_tiny_turbo,0.28,0.38,0.33999999999999997,0.7782
rubert_tiny_turbo,0.28,0.4,0.31999999999999995,0.7726000000000001
rubert_tiny_turbo,0.28,0.42,0.3,0.7676000000000001
rubert_tiny_turbo,0.28,0.44,0.27999999999999997,0.7637
rubert_tiny_turbo,0.28,0.46,0.25999999999999995,0.7590000000000001
rubert_tiny_turbo,0.28,0.48,0.24,0.7534000000000001
rubert_tiny_turbo,0.28,0.5,0.21999999999999997,0.7478
rubert_tiny_turbo,0.28,0.52,0.19999999999999996,0.7433
rubert_tiny_turbo,0.28,0.54,0.17999999999999994,0.738
rubert_tiny_turbo,0.28,0.56,0.15999999999999992,0.7334
rubert_tiny_turbo,0.28,0.58,0.14,0.7272000000000001
rubert_tiny_turbo,0.28,0.6,0.12,0.7231000000000002
rubert_tiny_turbo,0.28,0.62,0.09999999999999998,0.7174
rubert_tiny_turbo,0.28,0.64,0.07999999999999996,0.7128
rubert_tiny_turbo,0.28,0.66,0.05999999999999994,0.7069
rubert_tiny_turbo,0.28,0.68,0.039999999999999925,0.7031000000000001
rubert_tiny_turbo,0.28,0.7000000000000001,0.019999999999999907,0.698
rubert_tiny_turbo,0.28,0.72,0.0,0.687
rubert_tiny_turbo,0.3,0.0,0.7,0.8724000000000001
rubert_tiny_turbo,0.3,0.02,0.6799999999999999,0.869
rubert_tiny_turbo,0.3,0.04,0.6599999999999999,0.8647
rubert_tiny_turbo,0.3,0.06,0.6399999999999999,0.8585000000000002
rubert_tiny_turbo,0.3,0.08,0.62,0.8528
rubert_tiny_turbo,0.3,0.1,0.6,0.8478000000000001
rubert_tiny_turbo,0.3,0.12,0.58,0.8438
rubert_tiny_turbo,0.3,0.14,0.5599999999999999,0.8384000000000001
rubert_tiny_turbo,0.3,0.16,0.5399999999999999,0.8324000000000001
rubert_tiny_turbo,0.3,0.18,0.52,0.8263
rubert_tiny_turbo,0.3,0.2,0.49999999999999994,0.8209000000000001
rubert_tiny_turbo,0.3,0.22,0.48,0.816
rubert_tiny_turbo,0.3,0.24,0.45999999999999996,0.8099000000000001
rubert_tiny_turbo,0.3,0.26,0.43999999999999995,0.8044000000000001
rubert_tiny_turbo,0.3,0.28,0.41999999999999993,0.7986000000000001
rubert_tiny_turbo,0.3,0.3,0.39999999999999997,0.7937000000000001
rubert_tiny_turbo,0.3,0.32,0.37999999999999995,0.7875
rubert_tiny_turbo,0.3,0.34,0.35999999999999993,0.7834
rubert_tiny_turbo,0.3,0.36,0.33999999999999997,0.7781
rubert_tiny_turbo,0.3,0.38,0.31999999999999995,0.7726000000000001
rubert_tiny_turbo,0.3,0.4,0.29999999999999993,0.768
rubert_tiny_turbo,0.3,0.42,0.27999999999999997,0.7635
rubert_tiny_turbo,0.3,0.44,0.25999999999999995,0.7589000000000001
rubert_tiny_turbo,0.3,0.46,0.23999999999999994,0.7537999999999999
rubert_tiny_turbo,0.3,0.48,0.21999999999999997,0.7483000000000001
rubert_tiny_turbo,0.3,0.5,0.19999999999999996,0.7433000000000001
rubert_tiny_turbo,0.3,0.52,0.17999999999999994,0.7377999999999999
rubert_tiny_turbo,0.3,0.54,0.15999999999999992,0.7334
rubert_tiny_turbo,0.3,0.56,0.1399999999999999,0.7273999999999999
rubert_tiny_turbo,0.3,0.58,0.12,0.7232000000000001
rubert_tiny_turbo,0.3,0.6,0.09999999999999998,0.718
rubert_tiny_turbo,0.3,0.62,0.07999999999999996,0.7129
rubert_tiny_turbo,0.3,0.64,0.05999999999999994,0.7077
rubert_tiny_turbo,0.3,0.66,0.039999999999999925,0.7031000000000001
rubert_tiny_turbo,0.3,0.68,0.019999999999999907,0.6979000000000001
rubert_tiny_turbo,0.32,0.0,0.6799999999999999,0.8688
rubert_tiny_turbo,0.32,0.02,0.6599999999999999,0.8646000000000001
rubert_tiny_turbo,0.32,0.04,0.6399999999999999,0.8586
rubert_tiny_turbo,0.32,0.06,0.6199999999999999,0.8527
rubert_tiny_turbo,0.32,0.08,0.6,0.848
rubert_tiny_turbo,0.32,0.1,0.58,0.8434
rubert_tiny_turbo,0.32,0.12,0.5599999999999999,0.8385
rubert_tiny_turbo,0.32,0.14,0.5399999999999999,0.8325
rubert_tiny_turbo,0.32,0.16,0.5199999999999999,0.8262999999999999
rubert_tiny_turbo,0.32,0.18,0.49999999999999994,0.8212999999999999
rubert_tiny_turbo,0.32,0.2,0.4799999999999999,0.8155000000000001
rubert_tiny_turbo,0.32,0.22,0.45999999999999996,0.8096
rubert_tiny_turbo,0.32,0.24,0.43999999999999995,0.8042
rubert_tiny_turbo,0.32,0.26,0.41999999999999993,0.7989
rubert_tiny_turbo,0.32,0.28,0.3999999999999999,0.7938
rubert_tiny_turbo,0.32,0.3,0.37999999999999995,0.7874000000000001
rubert_tiny_turbo,0.32,0.32,0.35999999999999993,0.7834
rubert_tiny_turbo,0.32,0.34,0.3399999999999999,0.7782
rubert_tiny_turbo,0.32,0.36,0.31999999999999995,0.7725000000000001
rubert_tiny_turbo,0.32,0.38,0.29999999999999993,0.7679000000000001
rubert_tiny_turbo,0.32,0.4,0.2799999999999999,0.7635
rubert_tiny_turbo,0.32,0.42,0.25999999999999995,0.7585999999999999
rubert_tiny_turbo,0.32,0.44,0.23999999999999994,0.7539000000000001
rubert_tiny_turbo,0.32,0.46,0.21999999999999992,0.7487999999999999
rubert_tiny_turbo,0.32,0.48,0.19999999999999996,0.7432000000000001
rubert_tiny_turbo,0.32,0.5,0.17999999999999994,0.7377999999999999
rubert_tiny_turbo,0.32,0.52,0.15999999999999992,0.7336
rubert_tiny_turbo,0.32,0.54,0.1399999999999999,0.7279000000000001
rubert_tiny_turbo,0.32,0.56,0.11999999999999988,0.7236
rubert_tiny_turbo,0.32,0.58,0.09999999999999998,0.7182999999999999
rubert_tiny_turbo,0.32,0.6,0.07999999999999996,0.713
rubert_tiny_turbo,0.32,0.62,0.05999999999999994,0.7082
rubert_tiny_turbo,0.32,0.64,0.039999999999999925,0.7032999999999999
rubert_tiny_turbo,0.32,0.66,0.019999999999999907,0.6978
rubert_tiny_turbo,0.34,0.0,0.6599999999999999,0.8643
rubert_tiny_turbo,0.34,0.02,0.6399999999999999,0.8585
rubert_tiny_turbo,0.34,0.04,0.6199999999999999,0.8531000000000002
rubert_tiny_turbo,0.34,0.06,0.5999999999999999,0.8480000000000001
rubert_tiny_turbo,0.34,0.08,0.58,0.8431000000000001
rubert_tiny_turbo,0.34,0.1,0.5599999999999999,0.8384000000000001
rubert_tiny_turbo,0.34,0.12,0.5399999999999999,0.8329000000000001
rubert_tiny_turbo,0.34,0.14,0.5199999999999999,0.8266000000000001
rubert_tiny_turbo,0.34,0.16,0.4999999999999999,0.8215
rubert_tiny_turbo,0.34,0.18,0.4799999999999999,0.8159000000000001
rubert_tiny_turbo,0.34,0.2,0.4599999999999999,0.8093
rubert_tiny_turbo,0.34,0.22,0.43999999999999995,0.8037000000000001
rubert_tiny_turbo,0.34,0.24,0.41999999999999993,0.7990999999999999
rubert_tiny_turbo,0.34,0.26,0.3999999999999999,0.7943000000000001
rubert_tiny_turbo,0.34,0.28,0.3799999999999999,0.7877000000000001
rubert_tiny_turbo,0.34,0.3,0.35999999999999993,0.7836000000000002
rubert_tiny_turbo,0.34,0.32,0.3399999999999999,0.7786000000000002
rubert_tiny_turbo,0.34,0.34,0.3199999999999999,0.7726000000000001
rubert_tiny_turbo,0.34,0.36,0.29999999999999993,0.7683
rubert_tiny_turbo,0.34,0.38,0.2799999999999999,0.7639000000000001
rubert_tiny_turbo,0.34,0.4,0.2599999999999999,0.7587
rubert_tiny_turbo,0.34,0.42,0.23999999999999994,0.754
rubert_tiny_turbo,0.34,0.44,0.21999999999999992,0.7491
rubert_tiny_turbo,0.34,0.46,0.1999999999999999,0.7432000000000001
rubert_tiny_turbo,0.34,0.48,0.17999999999999994,0.7380999999999999
rubert_tiny_turbo,0.34,0.5,0.15999999999999992,0.7337
