model,alpha (BM25),beta (TF-IDF),gamma (Transformer),recall@5
ru_modern_bert_base,0.0,0.0,1.0,0.7161000000000002
ru_modern_bert_base,0.0,0.02,0.98,0.7202999999999999
ru_modern_bert_base,0.0,0.04,0.96,0.7242000000000001
ru_modern_bert_base,0.0,0.06,0.94,0.7264
ru_modern_bert_base,0.0,0.08,0.92,0.7253999999999999
ru_modern_bert_base,0.0,0.1,0.9,0.7233999999999999
ru_modern_bert_base,0.0,0.12,0.88,0.7242000000000001
ru_modern_bert_base,0.0,0.14,0.86,0.7255
ru_modern_bert_base,0.0,0.16,0.84,0.723
ru_modern_bert_base,0.0,0.18,0.8200000000000001,0.7222000000000001
ru_modern_bert_base,0.0,0.2,0.8,0.7212000000000001
ru_modern_bert_base,0.0,0.22,0.78,0.7208
ru_modern_bert_base,0.0,0.24,0.76,0.7201000000000001
ru_modern_bert_base,0.0,0.26,0.74,0.7182999999999999
ru_modern_bert_base,0.0,0.28,0.72,0.717
ru_modern_bert_base,0.0,0.3,0.7,0.7161
ru_modern_bert_base,0.0,0.32,0.6799999999999999,0.715
ru_modern_bert_base,0.0,0.34,0.6599999999999999,0.7128
ru_modern_bert_base,0.0,0.36,0.64,0.7118
ru_modern_bert_base,0.0,0.38,0.62,0.7102
ru_modern_bert_base,0.0,0.4,0.6,0.7088
ru_modern_bert_base,0.0,0.42,0.5800000000000001,0.7078
ru_modern_bert_base,0.0,0.44,0.56,0.7071
ru_modern_bert_base,0.0,0.46,0.54,0.7051000000000001
ru_modern_bert_base,0.0,0.48,0.52,0.704
ru_modern_bert_base,0.0,0.5,0.5,0.7025
ru_modern_bert_base,0.0,0.52,0.48,0.7027
ru_modern_bert_base,0.0,0.54,0.45999999999999996,0.7018
ru_modern_bert_base,0.0,0.56,0.43999999999999995,0.7012999999999999
ru_modern_bert_base,0.0,0.58,0.42000000000000004,0.7005999999999999
ru_modern_bert_base,0.0,0.6,0.4,0.6992
ru_modern_bert_base,0.0,0.62,0.38,0.6990000000000001
ru_modern_bert_base,0.0,0.64,0.36,0.6974
ru_modern_bert_base,0.0,0.66,0.33999999999999997,0.6972
ru_modern_bert_base,0.0,0.68,0.31999999999999995,0.6965
ru_modern_bert_base,0.0,0.7000000000000001,0.29999999999999993,0.6962
ru_modern_bert_base,0.0,0.72,0.28,0.6959000000000001
ru_modern_bert_base,0.0,0.74,0.26,0.6952
ru_modern_bert_base,0.0,0.76,0.24,0.695
ru_modern_bert_base,0.0,0.78,0.21999999999999997,0.6946
ru_modern_bert_base,0.0,0.8,0.19999999999999996,0.6935999999999999
ru_modern_bert_base,0.0,0.8200000000000001,0.17999999999999994,0.6928999999999998
ru_modern_bert_base,0.0,0.84,0.16000000000000003,0.6926
ru_modern_bert_base,0.0,0.86,0.14,0.692
ru_modern_bert_base,0.0,0.88,0.12,0.6912
ru_modern_bert_base,0.0,0.9,0.09999999999999998,0.6908000000000001
ru_modern_bert_base,0.0,0.92,0.07999999999999996,0.6901
ru_modern_bert_base,0.0,0.9400000000000001,0.05999999999999994,0.6897
ru_modern_bert_base,0.0,0.96,0.040000000000000036,0.6896
ru_modern_bert_base,0.0,0.98,0.020000000000000018,0.6896
ru_modern_bert_base,0.0,1.0,0.0,0.6857000000000001
ru_modern_bert_base,0.02,0.0,0.98,0.7208
ru_modern_bert_base,0.02,0.02,0.96,0.724
ru_modern_bert_base,0.02,0.04,0.94,0.7265999999999999
ru_modern_bert_base,0.02,0.06,0.9199999999999999,0.7258000000000001
ru_modern_bert_base,0.02,0.08,0.9,0.7232999999999999
ru_modern_bert_base,0.02,0.1,0.88,0.7250999999999999
ru_modern_bert_base,0.02,0.12,0.86,0.7257
ru_modern_bert_base,0.02,0.14,0.84,0.7237
ru_modern_bert_base,0.02,0.16,0.82,0.7227
ru_modern_bert_base,0.02,0.18,0.8,0.7208
ru_modern_bert_base,0.02,0.2,0.78,0.7204
ru_modern_bert_base,0.02,0.22,0.76,0.7192
ru_modern_bert_base,0.02,0.24,0.74,0.7182000000000001
ru_modern_bert_base,0.02,0.26,0.72,0.7169000000000001
ru_modern_bert_base,0.02,0.28,0.7,0.7159
ru_modern_bert_base,0.02,0.3,0.6799999999999999,0.7148
ru_modern_bert_base,0.02,0.32,0.6599999999999999,0.7129000000000001
ru_modern_bert_base,0.02,0.34,0.6399999999999999,0.7112
ru_modern_bert_base,0.02,0.36,0.62,0.71
ru_modern_bert_base,0.02,0.38,0.6,0.709
ru_modern_bert_base,0.02,0.4,0.58,0.708
ru_modern_bert_base,0.02,0.42,0.56,0.7066999999999999
ru_modern_bert_base,0.02,0.44,0.54,0.7052999999999999
ru_modern_bert_base,0.02,0.46,0.52,0.7044
ru_modern_bert_base,0.02,0.48,0.5,0.7028000000000001
ru_modern_bert_base,0.02,0.5,0.48,0.7026
ru_modern_bert_base,0.02,0.52,0.45999999999999996,0.7024000000000001
ru_modern_bert_base,0.02,0.54,0.43999999999999995,0.7015
ru_modern_bert_base,0.02,0.56,0.41999999999999993,0.7002
ru_modern_bert_base,0.02,0.58,0.4,0.6995
ru_modern_bert_base,0.02,0.6,0.38,0.6989000000000001
ru_modern_bert_base,0.02,0.62,0.36,0.6975
ru_modern_bert_base,0.02,0.64,0.33999999999999997,0.6969000000000001
ru_modern_bert_base,0.02,0.66,0.31999999999999995,0.6964000000000001
ru_modern_bert_base,0.02,0.68,0.29999999999999993,0.6959
ru_modern_bert_base,0.02,0.7000000000000001,0.2799999999999999,0.696
ru_modern_bert_base,0.02,0.72,0.26,0.6956
ru_modern_bert_base,0.02,0.74,0.24,0.6957
ru_modern_bert_base,0.02,0.76,0.21999999999999997,0.6945
ru_modern_bert_base,0.02,0.78,0.19999999999999996,0.6941999999999999
ru_modern_bert_base,0.02,0.8,0.17999999999999994,0.6934
ru_modern_bert_base,0.02,0.8200000000000001,0.15999999999999992,0.6928
ru_modern_bert_base,0.02,0.84,0.14,0.6925999999999999
ru_modern_bert_base,0.02,0.86,0.12,0.6917000000000001
ru_modern_bert_base,0.02,0.88,0.09999999999999998,0.6910999999999999
ru_modern_bert_base,0.02,0.9,0.07999999999999996,0.6902
ru_modern_bert_base,0.02,0.92,0.05999999999999994,0.6898
ru_modern_bert_base,0.02,0.9400000000000001,0.039999999999999925,0.6895999999999999
ru_modern_bert_base,0.02,0.96,0.020000000000000018,0.6894
ru_modern_bert_base,0.02,0.98,0.0,0.6857000000000001
ru_modern_bert_base,0.04,0.0,0.96,0.7229000000000001
ru_modern_bert_base,0.04,0.02,0.94,0.7265
ru_modern_bert_base,0.04,0.04,0.9199999999999999,0.7259000000000001
ru_modern_bert_base,0.04,0.06,0.8999999999999999,0.7233999999999999
ru_modern_bert_base,0.04,0.08,0.88,0.7238
ru_modern_bert_base,0.04,0.1,0.86,0.7248
ru_modern_bert_base,0.04,0.12,0.84,0.724
ru_modern_bert_base,0.04,0.14,0.82,0.7230999999999999
ru_modern_bert_base,0.04,0.16,0.7999999999999999,0.7215
ru_modern_bert_base,0.04,0.18,0.78,0.7205
ru_modern_bert_base,0.04,0.2,0.76,0.7189
ru_modern_bert_base,0.04,0.22,0.74,0.7181
ru_modern_bert_base,0.04,0.24,0.72,0.7165
ru_modern_bert_base,0.04,0.26,0.7,0.7156999999999999
ru_modern_bert_base,0.04,0.28,0.6799999999999999,0.7143
ru_modern_bert_base,0.04,0.3,0.6599999999999999,0.7128
ru_modern_bert_base,0.04,0.32,0.6399999999999999,0.7112999999999999
ru_modern_bert_base,0.04,0.34,0.6199999999999999,0.7095
ru_modern_bert_base,0.04,0.36,0.6,0.7097
ru_modern_bert_base,0.04,0.38,0.58,0.7078
ru_modern_bert_base,0.04,0.4,0.5599999999999999,0.7068
ru_modern_bert_base,0.04,0.42,0.54,0.7064000000000001
ru_modern_bert_base,0.04,0.44,0.52,0.7045
ru_modern_bert_base,0.04,0.46,0.49999999999999994,0.7031000000000001
ru_modern_bert_base,0.04,0.48,0.48,0.7027
ru_modern_bert_base,0.04,0.5,0.45999999999999996,0.7022
ru_modern_bert_base,0.04,0.52,0.43999999999999995,0.7012999999999999
ru_modern_bert_base,0.04,0.54,0.41999999999999993,0.7003
ru_modern_bert_base,0.04,0.56,0.3999999999999999,0.6999000000000001
ru_modern_bert_base,0.04,0.58,0.38,0.6991000000000002
ru_modern_bert_base,0.04,0.6,0.36,0.6979000000000001
ru_modern_bert_base,0.04,0.62,0.33999999999999997,0.6968000000000001
ru_modern_bert_base,0.04,0.64,0.31999999999999995,0.6965
ru_modern_bert_base,0.04,0.66,0.29999999999999993,0.6962999999999999
ru_modern_bert_base,0.04,0.68,0.2799999999999999,0.6958
ru_modern_bert_base,0.04,0.7000000000000001,0.2599999999999999,0.6957
ru_modern_bert_base,0.04,0.72,0.24,0.6952
ru_modern_bert_base,0.04,0.74,0.21999999999999997,0.6945
ru_modern_bert_base,0.04,0.76,0.19999999999999996,0.6939
ru_modern_bert_base,0.04,0.78,0.17999999999999994,0.6935
ru_modern_bert_base,0.04,0.8,0.15999999999999992,0.6927000000000001
ru_modern_bert_base,0.04,0.8200000000000001,0.1399999999999999,0.6921
ru_modern_bert_base,0.04,0.84,0.12,0.692
ru_modern_bert_base,0.04,0.86,0.09999999999999998,0.6913
ru_modern_bert_base,0.04,0.88,0.07999999999999996,0.6904
ru_modern_bert_base,0.04,0.9,0.05999999999999994,0.69
ru_modern_bert_base,0.04,0.92,0.039999999999999925,0.6896
ru_modern_bert_base,0.04,0.9400000000000001,0.019999999999999907,0.6895
ru_modern_bert_base,0.04,0.96,0.0,0.686
ru_modern_bert_base,0.06,0.0,0.94,0.7261000000000002
ru_modern_bert_base,0.06,0.02,0.9199999999999999,0.7261
ru_modern_bert_base,0.06,0.04,0.8999999999999999,0.7239000000000001
ru_modern_bert_base,0.06,0.06,0.8799999999999999,0.7232000000000001
ru_modern_bert_base,0.06,0.08,0.86,0.7246999999999999
ru_modern_bert_base,0.06,0.1,0.84,0.7249000000000001
ru_modern_bert_base,0.06,0.12,0.82,0.7231000000000001
ru_modern_bert_base,0.06,0.14,0.7999999999999999,0.7212000000000001
ru_modern_bert_base,0.06,0.16,0.7799999999999999,0.7203
ru_modern_bert_base,0.06,0.18,0.76,0.7182999999999999
ru_modern_bert_base,0.06,0.2,0.74,0.718
ru_modern_bert_base,0.06,0.22,0.72,0.7162000000000001
ru_modern_bert_base,0.06,0.24,0.7,0.7165
ru_modern_bert_base,0.06,0.26,0.6799999999999999,0.7153999999999999
ru_modern_bert_base,0.06,0.28,0.6599999999999999,0.713
ru_modern_bert_base,0.06,0.3,0.6399999999999999,0.7119
ru_modern_bert_base,0.06,0.32,0.6199999999999999,0.7095999999999999
ru_modern_bert_base,0.06,0.34,0.5999999999999999,0.7089
ru_modern_bert_base,0.06,0.36,0.58,0.7081
ru_modern_bert_base,0.06,0.38,0.5599999999999999,0.7063999999999999
ru_modern_bert_base,0.06,0.4,0.5399999999999999,0.7054000000000001
ru_modern_bert_base,0.06,0.42,0.52,0.7048
ru_modern_bert_base,0.06,0.44,0.49999999999999994,0.7042999999999999
ru_modern_bert_base,0.06,0.46,0.4799999999999999,0.7032
ru_modern_bert_base,0.06,0.48,0.45999999999999996,0.7019000000000001
ru_modern_bert_base,0.06,0.5,0.43999999999999995,0.7015
ru_modern_bert_base,0.06,0.52,0.41999999999999993,0.7008
ru_modern_bert_base,0.06,0.54,0.3999999999999999,0.7
ru_modern_bert_base,0.06,0.56,0.3799999999999999,0.6995
ru_modern_bert_base,0.06,0.58,0.36,0.6978000000000001
ru_modern_bert_base,0.06,0.6,0.33999999999999997,0.6965999999999999
ru_modern_bert_base,0.06,0.62,0.31999999999999995,0.6965999999999999
ru_modern_bert_base,0.06,0.64,0.29999999999999993,0.6961
ru_modern_bert_base,0.06,0.66,0.2799999999999999,0.696
ru_modern_bert_base,0.06,0.68,0.2599999999999999,0.6959000000000001
ru_modern_bert_base,0.06,0.7000000000000001,0.23999999999999988,0.6951
ru_modern_bert_base,0.06,0.72,0.21999999999999997,0.6947000000000001
ru_modern_bert_base,0.06,0.74,0.19999999999999996,0.6935
ru_modern_bert_base,0.06,0.76,0.17999999999999994,0.693
ru_modern_bert_base,0.06,0.78,0.15999999999999992,0.6926
ru_modern_bert_base,0.06,0.8,0.1399999999999999,0.6924
ru_modern_bert_base,0.06,0.8200000000000001,0.11999999999999988,0.6918
ru_modern_bert_base,0.06,0.84,0.09999999999999998,0.6912999999999999
ru_modern_bert_base,0.06,0.86,0.07999999999999996,0.6908
ru_modern_bert_base,0.06,0.88,0.05999999999999994,0.6901999999999999
ru_modern_bert_base,0.06,0.9,0.039999999999999925,0.6896
ru_modern_bert_base,0.06,0.92,0.019999999999999907,0.6895
ru_modern_bert_base,0.08,0.0,0.92,0.7255
ru_modern_bert_base,0.08,0.02,0.9,0.7232999999999999
ru_modern_bert_base,0.08,0.04,0.88,0.7234
ru_modern_bert_base,0.08,0.06,0.8600000000000001,0.7247
ru_modern_bert_base,0.08,0.08,0.8400000000000001,0.7242999999999999
ru_modern_bert_base,0.08,0.1,0.8200000000000001,0.724
ru_modern_bert_base,0.08,0.12,0.8,0.7225
ru_modern_bert_base,0.08,0.14,0.78,0.7202999999999999
ru_modern_bert_base,0.08,0.16,0.76,0.7186999999999999
ru_modern_bert_base,0.08,0.18,0.74,0.7179
ru_modern_bert_base,0.08,0.2,0.72,0.7174
ru_modern_bert_base,0.08,0.22,0.7000000000000001,0.7162000000000001
ru_modern_bert_base,0.08,0.24,0.68,0.7152000000000001
ru_modern_bert_base,0.08,0.26,0.66,0.7132999999999999
ru_modern_bert_base,0.08,0.28,0.64,0.7119
ru_modern_bert_base,0.08,0.3,0.6200000000000001,0.71
ru_modern_bert_base,0.08,0.32,0.6000000000000001,0.709
ru_modern_bert_base,0.08,0.34,0.5800000000000001,0.7077
ru_modern_bert_base,0.08,0.36,0.56,0.706
ru_modern_bert_base,0.08,0.38,0.54,0.7053
ru_modern_bert_base,0.08,0.4,0.52,0.705
ru_modern_bert_base,0.08,0.42,0.5,0.7047
ru_modern_bert_base,0.08,0.44,0.48000000000000004,0.7035999999999999
ru_modern_bert_base,0.08,0.46,0.46,0.7021
ru_modern_bert_base,0.08,0.48,0.44000000000000006,0.7022
ru_modern_bert_base,0.08,0.5,0.42000000000000004,0.7011000000000001
ru_modern_bert_base,0.08,0.52,0.4,0.6999000000000001
ru_modern_bert_base,0.08,0.54,0.38,0.6992999999999999
ru_modern_bert_base,0.08,0.56,0.36,0.6981
ru_modern_bert_base,0.08,0.58,0.3400000000000001,0.697
ru_modern_bert_base,0.08,0.6,0.32000000000000006,0.6963
ru_modern_bert_base,0.08,0.62,0.30000000000000004,0.6962999999999999
ru_modern_bert_base,0.08,0.64,0.28,0.6958
ru_modern_bert_base,0.08,0.66,0.26,0.6956
ru_modern_bert_base,0.08,0.68,0.24,0.695
ru_modern_bert_base,0.08,0.7000000000000001,0.21999999999999997,0.6947000000000001
ru_modern_bert_base,0.08,0.72,0.20000000000000007,0.6939000000000001
ru_modern_bert_base,0.08,0.74,0.18000000000000005,0.6935
ru_modern_bert_base,0.08,0.76,0.16000000000000003,0.6928
ru_modern_bert_base,0.08,0.78,0.14,0.6924000000000001
ru_modern_bert_base,0.08,0.8,0.12,0.692
ru_modern_bert_base,0.08,0.8200000000000001,0.09999999999999998,0.6911999999999999
ru_modern_bert_base,0.08,0.84,0.08000000000000007,0.6907000000000001
ru_modern_bert_base,0.08,0.86,0.06000000000000005,0.6902999999999999
ru_modern_bert_base,0.08,0.88,0.040000000000000036,0.6898
ru_modern_bert_base,0.08,0.9,0.020000000000000018,0.6897000000000001
ru_modern_bert_base,0.08,0.92,0.0,0.6865999999999999
ru_modern_bert_base,0.1,0.0,0.9,0.7240999999999999
ru_modern_bert_base,0.1,0.02,0.88,0.7235
ru_modern_bert_base,0.1,0.04,0.86,0.7251000000000001
ru_modern_bert_base,0.1,0.06,0.8400000000000001,0.7243999999999999
ru_modern_bert_base,0.1,0.08,0.8200000000000001,0.7246
ru_modern_bert_base,0.1,0.1,0.8,0.7227
ru_modern_bert_base,0.1,0.12,0.78,0.7204
ru_modern_bert_base,0.1,0.14,0.76,0.72
ru_modern_bert_base,0.1,0.16,0.74,0.7176999999999999
ru_modern_bert_base,0.1,0.18,0.72,0.7166
ru_modern_bert_base,0.1,0.2,0.7,0.7157
ru_modern_bert_base,0.1,0.22,0.68,0.7152000000000001
ru_modern_bert_base,0.1,0.24,0.66,0.714
ru_modern_bert_base,0.1,0.26,0.64,0.7119
ru_modern_bert_base,0.1,0.28,0.62,0.7105
ru_modern_bert_base,0.1,0.3,0.6000000000000001,0.7093
ru_modern_bert_base,0.1,0.32,0.5800000000000001,0.7077
ru_modern_bert_base,0.1,0.34,0.56,0.7066
ru_modern_bert_base,0.1,0.36,0.54,0.7054
ru_modern_bert_base,0.1,0.38,0.52,0.7048
ru_modern_bert_base,0.1,0.4,0.5,0.7047
ru_modern_bert_base,0.1,0.42,0.48000000000000004,0.7034
ru_modern_bert_base,0.1,0.44,0.46,0.7025
ru_modern_bert_base,0.1,0.46,0.44,0.7014
ru_modern_bert_base,0.1,0.48,0.42000000000000004,0.7015
ru_modern_bert_base,0.1,0.5,0.4,0.6999000000000001
ru_modern_bert_base,0.1,0.52,0.38,0.6992
ru_modern_bert_base,0.1,0.54,0.36,0.6983
ru_modern_bert_base,0.1,0.56,0.33999999999999997,0.6972999999999999
ru_modern_bert_base,0.1,0.58,0.32000000000000006,0.6969
ru_modern_bert_base,0.1,0.6,0.30000000000000004,0.6966
ru_modern_bert_base,0.1,0.62,0.28,0.696
ru_modern_bert_base,0.1,0.64,0.26,0.6955
ru_modern_bert_base,0.1,0.66,0.24,0.6952
ru_modern_bert_base,0.1,0.68,0.21999999999999997,0.6945999999999999
ru_modern_bert_base,0.1,0.7000000000000001,0.19999999999999996,0.694
ru_modern_bert_base,0.1,0.72,0.18000000000000005,0.6932999999999999
ru_modern_bert_base,0.1,0.74,0.16000000000000003,0.6928
ru_modern_bert_base,0.1,0.76,0.14,0.6925
ru_modern_bert_base,0.1,0.78,0.12,0.6925
ru_modern_bert_base,0.1,0.8,0.09999999999999998,0.6916000000000001
ru_modern_bert_base,0.1,0.8200000000000001,0.07999999999999996,0.6911
ru_modern_bert_base,0.1,0.84,0.06000000000000005,0.6904000000000001
ru_modern_bert_base,0.1,0.86,0.040000000000000036,0.6900999999999999
ru_modern_bert_base,0.1,0.88,0.020000000000000018,0.6897000000000001
ru_modern_bert_base,0.1,0.9,0.0,0.6862999999999999
ru_modern_bert_base,0.12,0.0,0.88,0.7239
ru_modern_bert_base,0.12,0.02,0.86,0.7247
ru_modern_bert_base,0.12,0.04,0.84,0.725
ru_modern_bert_base,0.12,0.06,0.8200000000000001,0.724
ru_modern_bert_base,0.12,0.08,0.8,0.7232999999999999
ru_modern_bert_base,0.12,0.1,0.78,0.7212999999999999
ru_modern_bert_base,0.12,0.12,0.76,0.7201000000000001
ru_modern_bert_base,0.12,0.14,0.74,0.7178
ru_modern_bert_base,0.12,0.16,0.72,0.7172000000000001
ru_modern_bert_base,0.12,0.18,0.7,0.7152000000000001
ru_modern_bert_base,0.12,0.2,0.6799999999999999,0.7148
ru_modern_bert_base,0.12,0.22,0.66,0.7139
ru_modern_bert_base,0.12,0.24,0.64,0.7124000000000001
ru_modern_bert_base,0.12,0.26,0.62,0.7102999999999999
ru_modern_bert_base,0.12,0.28,0.6,0.7095999999999999
ru_modern_bert_base,0.12,0.3,0.5800000000000001,0.7085
ru_modern_bert_base,0.12,0.32,0.56,0.7072999999999999
ru_modern_bert_base,0.12,0.34,0.54,0.7052999999999999
ru_modern_bert_base,0.12,0.36,0.52,0.7045
ru_modern_bert_base,0.12,0.38,0.5,0.7036999999999999
ru_modern_bert_base,0.12,0.4,0.48,0.7031
ru_modern_bert_base,0.12,0.42,0.46,0.702
ru_modern_bert_base,0.12,0.44,0.44,0.7013
ru_modern_bert_base,0.12,0.46,0.42,0.7012999999999999
ru_modern_bert_base,0.12,0.48,0.4,0.6997000000000001
ru_modern_bert_base,0.12,0.5,0.38,0.6986
ru_modern_bert_base,0.12,0.52,0.36,0.6982
ru_modern_bert_base,0.12,0.54,0.33999999999999997,0.6976
ru_modern_bert_base,0.12,0.56,0.31999999999999995,0.6966
ru_modern_bert_base,0.12,0.58,0.30000000000000004,0.6960999999999999
ru_modern_bert_base,0.12,0.6,0.28,0.6962
ru_modern_bert_base,0.12,0.62,0.26,0.6956
ru_modern_bert_base,0.12,0.64,0.24,0.6952
ru_modern_bert_base,0.12,0.66,0.21999999999999997,0.6944
ru_modern_bert_base,0.12,0.68,0.19999999999999996,0.694
ru_modern_bert_base,0.12,0.7000000000000001,0.17999999999999994,0.6935
ru_modern_bert_base,0.12,0.72,0.16000000000000003,0.6927
ru_modern_bert_base,0.12,0.74,0.14,0.6925
ru_modern_bert_base,0.12,0.76,0.12,0.6920999999999999
ru_modern_bert_base,0.12,0.78,0.09999999999999998,0.6916000000000001
ru_modern_bert_base,0.12,0.8,0.07999999999999996,0.6912
ru_modern_bert_base,0.12,0.8200000000000001,0.05999999999999994,0.691
ru_modern_bert_base,0.12,0.84,0.040000000000000036,0.6906
ru_modern_bert_base,0.12,0.86,0.020000000000000018,0.6899
ru_modern_bert_base,0.12,0.88,0.0,0.6869
ru_modern_bert_base,0.14,0.0,0.86,0.7237
ru_modern_bert_base,0.14,0.02,0.84,0.7237
ru_modern_bert_base,0.14,0.04,0.82,0.7238
ru_modern_bert_base,0.14,0.06,0.8,0.7230999999999999
ru_modern_bert_base,0.14,0.08,0.78,0.7209000000000001
ru_modern_bert_base,0.14,0.1,0.76,0.7198000000000001
ru_modern_bert_base,0.14,0.12,0.74,0.7191
ru_modern_bert_base,0.14,0.14,0.72,0.7167
ru_modern_bert_base,0.14,0.16,0.7,0.7154
ru_modern_bert_base,0.14,0.18,0.6799999999999999,0.7146
ru_modern_bert_base,0.14,0.2,0.6599999999999999,0.7136
ru_modern_bert_base,0.14,0.22,0.64,0.7122
ru_modern_bert_base,0.14,0.24,0.62,0.7108000000000001
ru_modern_bert_base,0.14,0.26,0.6,0.7098
ru_modern_bert_base,0.14,0.28,0.58,0.7086
ru_modern_bert_base,0.14,0.3,0.56,0.7071000000000001
ru_modern_bert_base,0.14,0.32,0.54,0.7058000000000001
ru_modern_bert_base,0.14,0.34,0.52,0.7045
ru_modern_bert_base,0.14,0.36,0.5,0.7038000000000001
ru_modern_bert_base,0.14,0.38,0.48,0.7029999999999998
ru_modern_bert_base,0.14,0.4,0.45999999999999996,0.7021000000000001
ru_modern_bert_base,0.14,0.42,0.44,0.7007000000000001
ru_modern_bert_base,0.14,0.44,0.42,0.7007000000000001
ru_modern_bert_base,0.14,0.46,0.39999999999999997,0.6996
ru_modern_bert_base,0.14,0.48,0.38,0.6985
ru_modern_bert_base,0.14,0.5,0.36,0.6982
ru_modern_bert_base,0.14,0.52,0.33999999999999997,0.6977000000000001
ru_modern_bert_base,0.14,0.54,0.31999999999999995,0.6969000000000001
ru_modern_bert_base,0.14,0.56,0.29999999999999993,0.6965
ru_modern_bert_base,0.14,0.58,0.28,0.6960999999999999
ru_modern_bert_base,0.14,0.6,0.26,0.6959
ru_modern_bert_base,0.14,0.62,0.24,0.6954
ru_modern_bert_base,0.14,0.64,0.21999999999999997,0.695
ru_modern_bert_base,0.14,0.66,0.19999999999999996,0.6942
ru_modern_bert_base,0.14,0.68,0.17999999999999994,0.6937000000000001
ru_modern_bert_base,0.14,0.7000000000000001,0.15999999999999992,0.693
ru_modern_bert_base,0.14,0.72,0.14,0.6926
ru_modern_bert_base,0.14,0.74,0.12,0.6922999999999999
ru_modern_bert_base,0.14,0.76,0.09999999999999998,0.6916
ru_modern_bert_base,0.14,0.78,0.07999999999999996,0.6915
ru_modern_bert_base,0.14,0.8,0.05999999999999994,0.6912999999999999
ru_modern_bert_base,0.14,0.8200000000000001,0.039999999999999925,0.6909000000000001
ru_modern_bert_base,0.14,0.84,0.020000000000000018,0.6901999999999999
ru_modern_bert_base,0.14,0.86,0.0,0.6871
ru_modern_bert_base,0.16,0.0,0.84,0.7234
ru_modern_bert_base,0.16,0.02,0.82,0.723
ru_modern_bert_base,0.16,0.04,0.7999999999999999,0.7234
ru_modern_bert_base,0.16,0.06,0.78,0.7215
ru_modern_bert_base,0.16,0.08,0.76,0.7203999999999998
ru_modern_bert_base,0.16,0.1,0.74,0.7191000000000001
ru_modern_bert_base,0.16,0.12,0.72,0.717
ru_modern_bert_base,0.16,0.14,0.7,0.7157
ru_modern_bert_base,0.16,0.16,0.6799999999999999,0.7148
ru_modern_bert_base,0.16,0.18,0.6599999999999999,0.7137
ru_modern_bert_base,0.16,0.2,0.6399999999999999,0.712
ru_modern_bert_base,0.16,0.22,0.62,0.7108
ru_modern_bert_base,0.16,0.24,0.6,0.7095
ru_modern_bert_base,0.16,0.26,0.58,0.7075999999999999
ru_modern_bert_base,0.16,0.28,0.5599999999999999,0.7065
ru_modern_bert_base,0.16,0.3,0.54,0.7056
ru_modern_bert_base,0.16,0.32,0.52,0.7047
ru_modern_bert_base,0.16,0.34,0.49999999999999994,0.7039
ru_modern_bert_base,0.16,0.36,0.48,0.7029000000000001
ru_modern_bert_base,0.16,0.38,0.45999999999999996,0.7022
ru_modern_bert_base,0.16,0.4,0.43999999999999995,0.701
ru_modern_bert_base,0.16,0.42,0.42,0.7002999999999999
ru_modern_bert_base,0.16,0.44,0.39999999999999997,0.6998
ru_modern_bert_base,0.16,0.46,0.37999999999999995,0.699
ru_modern_bert_base,0.16,0.48,0.36,0.6985
ru_modern_bert_base,0.16,0.5,0.33999999999999997,0.6975
ru_modern_bert_base,0.16,0.52,0.31999999999999995,0.6972
ru_modern_bert_base,0.16,0.54,0.29999999999999993,0.6969
ru_modern_bert_base,0.16,0.56,0.2799999999999999,0.6962999999999999
ru_modern_bert_base,0.16,0.58,0.26,0.6957000000000001
ru_modern_bert_base,0.16,0.6,0.24,0.6952999999999999
ru_modern_bert_base,0.16,0.62,0.21999999999999997,0.6954
ru_modern_bert_base,0.16,0.64,0.19999999999999996,0.6947
ru_modern_bert_base,0.16,0.66,0.17999999999999994,0.6942
ru_modern_bert_base,0.16,0.68,0.15999999999999992,0.6937000000000001
ru_modern_bert_base,0.16,0.7000000000000001,0.1399999999999999,0.6932999999999999
ru_modern_bert_base,0.16,0.72,0.12,0.6925
ru_modern_bert_base,0.16,0.74,0.09999999999999998,0.6917000000000001
ru_modern_bert_base,0.16,0.76,0.07999999999999996,0.6912999999999999
ru_modern_bert_base,0.16,0.78,0.05999999999999994,0.6910999999999999
ru_modern_bert_base,0.16,0.8,0.039999999999999925,0.6907000000000001
ru_modern_bert_base,0.16,0.8200000000000001,0.019999999999999907,0.6901
ru_modern_bert_base,0.16,0.84,0.0,0.6869
ru_modern_bert_base,0.18,0.0,0.8200000000000001,0.7227
ru_modern_bert_base,0.18,0.02,0.8,0.7226
ru_modern_bert_base,0.18,0.04,0.78,0.7214
ru_modern_bert_base,0.18,0.06,0.76,0.7193999999999999
ru_modern_bert_base,0.18,0.08,0.7400000000000001,0.7193999999999998
ru_modern_bert_base,0.18,0.1,0.7200000000000001,0.718
ru_modern_bert_base,0.18,0.12,0.7000000000000001,0.716
ru_modern_bert_base,0.18,0.14,0.68,0.715
ru_modern_bert_base,0.18,0.16,0.66,0.713
ru_modern_bert_base,0.18,0.18,0.6400000000000001,0.7116
ru_modern_bert_base,0.18,0.2,0.6200000000000001,0.711
ru_modern_bert_base,0.18,0.22,0.6000000000000001,0.71
ru_modern_bert_base,0.18,0.24,0.5800000000000001,0.7084
ru_modern_bert_base,0.18,0.26,0.56,0.7066
ru_modern_bert_base,0.18,0.28,0.54,0.7055
ru_modern_bert_base,0.18,0.3,0.52,0.7049
ru_modern_bert_base,0.18,0.32,0.5,0.7038
ru_modern_bert_base,0.18,0.34,0.48000000000000004,0.7035
ru_modern_bert_base,0.18,0.36,0.4600000000000001,0.7027
ru_modern_bert_base,0.18,0.38,0.44000000000000006,0.7014000000000001
ru_modern_bert_base,0.18,0.4,0.42000000000000004,0.7001000000000001
ru_modern_bert_base,0.18,0.42,0.4000000000000001,0.6998
ru_modern_bert_base,0.18,0.44,0.38000000000000006,0.699
ru_modern_bert_base,0.18,0.46,0.36000000000000004,0.6985
ru_modern_bert_base,0.18,0.48,0.3400000000000001,0.6979
ru_modern_bert_base,0.18,0.5,0.32000000000000006,0.6972
ru_modern_bert_base,0.18,0.52,0.30000000000000004,0.6972
ru_modern_bert_base,0.18,0.54,0.28,0.6968
ru_modern_bert_base,0.18,0.56,0.26,0.6962
ru_modern_bert_base,0.18,0.58,0.2400000000000001,0.6959000000000001
ru_modern_bert_base,0.18,0.6,0.22000000000000008,0.6954000000000001
ru_modern_bert_base,0.18,0.62,0.20000000000000007,0.695
ru_modern_bert_base,0.18,0.64,0.18000000000000005,0.6940999999999999
ru_modern_bert_base,0.18,0.66,0.16000000000000003,0.6937
ru_modern_bert_base,0.18,0.68,0.14,0.6934000000000001
ru_modern_bert_base,0.18,0.7000000000000001,0.12,0.6927000000000001
ru_modern_bert_base,0.18,0.72,0.10000000000000009,0.6921
ru_modern_bert_base,0.18,0.74,0.08000000000000007,0.6911
ru_modern_bert_base,0.18,0.76,0.06000000000000005,0.6909000000000001
ru_modern_bert_base,0.18,0.78,0.040000000000000036,0.6904
ru_modern_bert_base,0.18,0.8,0.020000000000000018,0.6902
ru_modern_bert_base,0.18,0.8200000000000001,0.0,0.6856
ru_modern_bert_base,0.2,0.0,0.8,0.7221000000000001
ru_modern_bert_base,0.2,0.02,0.78,0.7214
ru_modern_bert_base,0.2,0.04,0.76,0.7191000000000001
ru_modern_bert_base,0.2,0.06,0.74,0.7195
ru_modern_bert_base,0.2,0.08,0.7200000000000001,0.7173999999999999
ru_modern_bert_base,0.2,0.1,0.7000000000000001,0.7173999999999999
ru_modern_bert_base,0.2,0.12,0.68,0.7144000000000001
ru_modern_bert_base,0.2,0.14,0.66,0.7127
ru_modern_bert_base,0.2,0.16,0.64,0.7119000000000001
ru_modern_bert_base,0.2,0.18,0.6200000000000001,0.7107
ru_modern_bert_base,0.2,0.2,0.6000000000000001,0.7101000000000001
ru_modern_bert_base,0.2,0.22,0.5800000000000001,0.7091
ru_modern_bert_base,0.2,0.24,0.56,0.7072
ru_modern_bert_base,0.2,0.26,0.54,0.7058000000000001
ru_modern_bert_base,0.2,0.28,0.52,0.7052
ru_modern_bert_base,0.2,0.3,0.5,0.7046
ru_modern_bert_base,0.2,0.32,0.48000000000000004,0.7035
ru_modern_bert_base,0.2,0.34,0.46,0.7025
ru_modern_bert_base,0.2,0.36,0.44000000000000006,0.7015999999999999
ru_modern_bert_base,0.2,0.38,0.42000000000000004,0.7008
ru_modern_bert_base,0.2,0.4,0.4,0.7002
ru_modern_bert_base,0.2,0.42,0.38000000000000006,0.6997000000000001
ru_modern_bert_base,0.2,0.44,0.36000000000000004,0.6987000000000001
ru_modern_bert_base,0.2,0.46,0.34,0.6979
ru_modern_bert_base,0.2,0.48,0.32000000000000006,0.6978
ru_modern_bert_base,0.2,0.5,0.30000000000000004,0.6972999999999999
ru_modern_bert_base,0.2,0.52,0.28,0.697
ru_modern_bert_base,0.2,0.54,0.26,0.6962
ru_modern_bert_base,0.2,0.56,0.24,0.6958
ru_modern_bert_base,0.2,0.58,0.22000000000000008,0.6955999999999999
ru_modern_bert_base,0.2,0.6,0.20000000000000007,0.6952
ru_modern_bert_base,0.2,0.62,0.18000000000000005,0.6941
ru_modern_bert_base,0.2,0.64,0.16000000000000003,0.6938
ru_modern_bert_base,0.2,0.66,0.14,0.6934
ru_modern_bert_base,0.2,0.68,0.12,0.6929000000000001
ru_modern_bert_base,0.2,0.7000000000000001,0.09999999999999998,0.6924000000000001
ru_modern_bert_base,0.2,0.72,0.08000000000000007,0.6916
ru_modern_bert_base,0.2,0.74,0.06000000000000005,0.6912
ru_modern_bert_base,0.2,0.76,0.040000000000000036,0.6909
ru_modern_bert_base,0.2,0.78,0.020000000000000018,0.6900999999999999
ru_modern_bert_base,0.2,0.8,0.0,0.6877000000000001
ru_modern_bert_base,0.22,0.0,0.78,0.7209
ru_modern_bert_base,0.22,0.02,0.76,0.7196
ru_modern_bert_base,0.22,0.04,0.74,0.7189000000000001
ru_modern_bert_base,0.22,0.06,0.72,0.7179000000000001
ru_modern_bert_base,0.22,0.08,0.7000000000000001,0.7167
ru_modern_bert_base,0.22,0.1,0.68,0.7148
ru_modern_bert_base,0.22,0.12,0.66,0.7132000000000001
ru_modern_bert_base,0.22,0.14,0.64,0.7117
ru_modern_bert_base,0.22,0.16,0.62,0.7109
ru_modern_bert_base,0.22,0.18,0.6000000000000001,0.7101000000000001
ru_modern_bert_base,0.22,0.2,0.5800000000000001,0.7096
ru_modern_bert_base,0.22,0.22,0.56,0.7077
ru_modern_bert_base,0.22,0.24,0.54,0.7064
ru_modern_bert_base,0.22,0.26,0.52,0.7048
ru_modern_bert_base,0.22,0.28,0.5,0.7041999999999999
ru_modern_bert_base,0.22,0.3,0.48000000000000004,0.7035
ru_modern_bert_base,0.22,0.32,0.46,0.7027
ru_modern_bert_base,0.22,0.34,0.44,0.7019
ru_modern_bert_base,0.22,0.36,0.42000000000000004,0.7012
ru_modern_bert_base,0.22,0.38,0.4,0.7004
ru_modern_bert_base,0.22,0.4,0.38,0.6992
ru_modern_bert_base,0.22,0.42,0.36000000000000004,0.6992
ru_modern_bert_base,0.22,0.44,0.34,0.6975
ru_modern_bert_base,0.22,0.46,0.32,0.6977000000000001
ru_modern_bert_base,0.22,0.48,0.30000000000000004,0.6974000000000001
ru_modern_bert_base,0.22,0.5,0.28,0.6974000000000001
ru_modern_bert_base,0.22,0.52,0.26,0.6967
ru_modern_bert_base,0.22,0.54,0.24,0.6962
ru_modern_bert_base,0.22,0.56,0.21999999999999997,0.6961
ru_modern_bert_base,0.22,0.58,0.20000000000000007,0.6957000000000001
ru_modern_bert_base,0.22,0.6,0.18000000000000005,0.6946
ru_modern_bert_base,0.22,0.62,0.16000000000000003,0.694
ru_modern_bert_base,0.22,0.64,0.14,0.6934
ru_modern_bert_base,0.22,0.66,0.12,0.6929000000000001
ru_modern_bert_base,0.22,0.68,0.09999999999999998,0.6925
ru_modern_bert_base,0.22,0.7000000000000001,0.07999999999999996,0.6919000000000001
ru_modern_bert_base,0.22,0.72,0.06000000000000005,0.6912999999999999
ru_modern_bert_base,0.22,0.74,0.040000000000000036,0.691
ru_modern_bert_base,0.22,0.76,0.020000000000000018,0.6906
ru_modern_bert_base,0.22,0.78,0.0,0.6891
ru_modern_bert_base,0.24,0.0,0.76,0.7196
ru_modern_bert_base,0.24,0.02,0.74,0.7182999999999999
ru_modern_bert_base,0.24,0.04,0.72,0.7179
ru_modern_bert_base,0.24,0.06,0.7,0.7169
ru_modern_bert_base,0.24,0.08,0.68,0.716
ru_modern_bert_base,0.24,0.1,0.66,0.7139000000000001
ru_modern_bert_base,0.24,0.12,0.64,0.7117
ru_modern_bert_base,0.24,0.14,0.62,0.7104
ru_modern_bert_base,0.24,0.16,0.6,0.71
ru_modern_bert_base,0.24,0.18,0.5800000000000001,0.7099000000000001
ru_modern_bert_base,0.24,0.2,0.56,0.7087
ru_modern_bert_base,0.24,0.22,0.54,0.7065999999999999
ru_modern_bert_base,0.24,0.24,0.52,0.7047
ru_modern_bert_base,0.24,0.26,0.5,0.7036999999999999
ru_modern_bert_base,0.24,0.28,0.48,0.704
ru_modern_bert_base,0.24,0.3,0.46,0.7029000000000001
ru_modern_bert_base,0.24,0.32,0.44,0.7018999999999999
ru_modern_bert_base,0.24,0.34,0.42,0.701
ru_modern_bert_base,0.24,0.36,0.4,0.7007000000000001
ru_modern_bert_base,0.24,0.38,0.38,0.6998000000000001
ru_modern_bert_base,0.24,0.4,0.36,0.6991
ru_modern_bert_base,0.24,0.42,0.34,0.6985
ru_modern_bert_base,0.24,0.44,0.32,0.6981
ru_modern_bert_base,0.24,0.46,0.3,0.6977000000000001
ru_modern_bert_base,0.24,0.48,0.28,0.6972
ru_modern_bert_base,0.24,0.5,0.26,0.6967000000000001
ru_modern_bert_base,0.24,0.52,0.24,0.6961
ru_modern_bert_base,0.24,0.54,0.21999999999999997,0.6958
ru_modern_bert_base,0.24,0.56,0.19999999999999996,0.6956
ru_modern_bert_base,0.24,0.58,0.18000000000000005,0.6949
ru_modern_bert_base,0.24,0.6,0.16000000000000003,0.6942
ru_modern_bert_base,0.24,0.62,0.14,0.6935
ru_modern_bert_base,0.24,0.64,0.12,0.693
ru_modern_bert_base,0.24,0.66,0.09999999999999998,0.6926
ru_modern_bert_base,0.24,0.68,0.07999999999999996,0.6918
ru_modern_bert_base,0.24,0.7000000000000001,0.05999999999999994,0.6915999999999999
ru_modern_bert_base,0.24,0.72,0.040000000000000036,0.6911999999999999
ru_modern_bert_base,0.24,0.74,0.020000000000000018,0.6907000000000001
ru_modern_bert_base,0.24,0.76,0.0,0.6878
ru_modern_bert_base,0.26,0.0,0.74,0.719
ru_modern_bert_base,0.26,0.02,0.72,0.7185
ru_modern_bert_base,0.26,0.04,0.7,0.7165
ru_modern_bert_base,0.26,0.06,0.6799999999999999,0.7152999999999999
ru_modern_bert_base,0.26,0.08,0.66,0.7152000000000001
ru_modern_bert_base,0.26,0.1,0.64,0.7122
ru_modern_bert_base,0.26,0.12,0.62,0.7107
ru_modern_bert_base,0.26,0.14,0.6,0.7098000000000001
ru_modern_bert_base,0.26,0.16,0.58,0.7094000000000001
ru_modern_bert_base,0.26,0.18,0.56,0.7081000000000001
ru_modern_bert_base,0.26,0.2,0.54,0.707
ru_modern_bert_base,0.26,0.22,0.52,0.7052
ru_modern_bert_base,0.26,0.24,0.5,0.7041
ru_modern_bert_base,0.26,0.26,0.48,0.7035999999999999
ru_modern_bert_base,0.26,0.28,0.45999999999999996,0.7028
ru_modern_bert_base,0.26,0.3,0.44,0.7019
ru_modern_bert_base,0.26,0.32,0.42,0.7012999999999999
ru_modern_bert_base,0.26,0.34,0.39999999999999997,0.7009000000000001
ru_modern_bert_base,0.26,0.36,0.38,0.7001000000000001
ru_modern_bert_base,0.26,0.38,0.36,0.6992999999999999
ru_modern_bert_base,0.26,0.4,0.33999999999999997,0.699
ru_modern_bert_base,0.26,0.42,0.32,0.6981
ru_modern_bert_base,0.26,0.44,0.3,0.6977000000000001
ru_modern_bert_base,0.26,0.46,0.27999999999999997,0.6972
ru_modern_bert_base,0.26,0.48,0.26,0.6966
ru_modern_bert_base,0.26,0.5,0.24,0.6962999999999999
ru_modern_bert_base,0.26,0.52,0.21999999999999997,0.6955999999999999
ru_modern_bert_base,0.26,0.54,0.19999999999999996,0.6955
ru_modern_bert_base,0.26,0.56,0.17999999999999994,0.695
ru_modern_bert_base,0.26,0.58,0.16000000000000003,0.6942
ru_modern_bert_base,0.26,0.6,0.14,0.6937000000000001
ru_modern_bert_base,0.26,0.62,0.12,0.6931
ru_modern_bert_base,0.26,0.64,0.09999999999999998,0.6922
ru_modern_bert_base,0.26,0.66,0.07999999999999996,0.6914
ru_modern_bert_base,0.26,0.68,0.05999999999999994,0.6911
ru_modern_bert_base,0.26,0.7000000000000001,0.039999999999999925,0.691
ru_modern_bert_base,0.26,0.72,0.020000000000000018,0.6908999999999998
ru_modern_bert_base,0.26,0.74,0.0,0.6874
ru_modern_bert_base,0.28,0.0,0.72,0.7184
ru_modern_bert_base,0.28,0.02,0.7,0.717
ru_modern_bert_base,0.28,0.04,0.6799999999999999,0.7152
ru_modern_bert_base,0.28,0.06,0.6599999999999999,0.7142999999999999
ru_modern_bert_base,0.28,0.08,0.64,0.7124000000000001
ru_modern_bert_base,0.28,0.1,0.62,0.7109000000000001
ru_modern_bert_base,0.28,0.12,0.6,0.7099
ru_modern_bert_base,0.28,0.14,0.58,0.7092
ru_modern_bert_base,0.28,0.16,0.5599999999999999,0.7081000000000001
ru_modern_bert_base,0.28,0.18,0.54,0.7075
ru_modern_bert_base,0.28,0.2,0.52,0.7056
ru_modern_bert_base,0.28,0.22,0.5,0.7047
ru_modern_bert_base,0.28,0.24,0.48,0.7036
ru_modern_bert_base,0.28,0.26,0.45999999999999996,0.7034
ru_modern_bert_base,0.28,0.28,0.43999999999999995,0.702
ru_modern_bert_base,0.28,0.3,0.42,0.7012
ru_modern_bert_base,0.28,0.32,0.39999999999999997,0.7007000000000001
ru_modern_bert_base,0.28,0.34,0.37999999999999995,0.7004
ru_modern_bert_base,0.28,0.36,0.36,0.6995999999999999
ru_modern_bert_base,0.28,0.38,0.33999999999999997,0.6992999999999999
ru_modern_bert_base,0.28,0.4,0.31999999999999995,0.6981
ru_modern_bert_base,0.28,0.42,0.3,0.6979000000000001
ru_modern_bert_base,0.28,0.44,0.27999999999999997,0.6971
ru_modern_bert_base,0.28,0.46,0.25999999999999995,0.6965
ru_modern_bert_base,0.28,0.48,0.24,0.6962999999999999
ru_modern_bert_base,0.28,0.5,0.21999999999999997,0.6958000000000001
ru_modern_bert_base,0.28,0.52,0.19999999999999996,0.6955
ru_modern_bert_base,0.28,0.54,0.17999999999999994,0.6951999999999999
ru_modern_bert_base,0.28,0.56,0.15999999999999992,0.6942999999999999
ru_modern_bert_base,0.28,0.58,0.14,0.6937000000000001
ru_modern_bert_base,0.28,0.6,0.12,0.693
ru_modern_bert_base,0.28,0.62,0.09999999999999998,0.6922999999999999
ru_modern_bert_base,0.28,0.64,0.07999999999999996,0.6915
ru_modern_bert_base,0.28,0.66,0.05999999999999994,0.691
ru_modern_bert_base,0.28,0.68,0.039999999999999925,0.6909
ru_modern_bert_base,0.28,0.7000000000000001,0.019999999999999907,0.6902999999999999
ru_modern_bert_base,0.28,0.72,0.0,0.687
ru_modern_bert_base,0.3,0.0,0.7,0.7172999999999999
ru_modern_bert_base,0.3,0.02,0.6799999999999999,0.7158
ru_modern_bert_base,0.3,0.04,0.6599999999999999,0.7139
ru_modern_bert_base,0.3,0.06,0.6399999999999999,0.7119
ru_modern_bert_base,0.3,0.08,0.62,0.7109000000000001
ru_modern_bert_base,0.3,0.1,0.6,0.7101000000000001
ru_modern_bert_base,0.3,0.12,0.58,0.7091000000000001
ru_modern_bert_base,0.3,0.14,0.5599999999999999,0.7081000000000001
ru_modern_bert_base,0.3,0.16,0.5399999999999999,0.7074000000000001
ru_modern_bert_base,0.3,0.18,0.52,0.7058
ru_modern_bert_base,0.3,0.2,0.49999999999999994,0.7043
ru_modern_bert_base,0.3,0.22,0.48,0.7035
ru_modern_bert_base,0.3,0.24,0.45999999999999996,0.7034000000000001
ru_modern_bert_base,0.3,0.26,0.43999999999999995,0.7021
ru_modern_bert_base,0.3,0.28,0.41999999999999993,0.7014
ru_modern_bert_base,0.3,0.3,0.39999999999999997,0.7008
ru_modern_bert_base,0.3,0.32,0.37999999999999995,0.7002999999999999
ru_modern_bert_base,0.3,0.34,0.35999999999999993,0.6994000000000001
ru_modern_bert_base,0.3,0.36,0.33999999999999997,0.6992999999999999
ru_modern_bert_base,0.3,0.38,0.31999999999999995,0.6985
ru_modern_bert_base,0.3,0.4,0.29999999999999993,0.6984000000000001
ru_modern_bert_base,0.3,0.42,0.27999999999999997,0.6979
ru_modern_bert_base,0.3,0.44,0.25999999999999995,0.697
ru_modern_bert_base,0.3,0.46,0.23999999999999994,0.6964
ru_modern_bert_base,0.3,0.48,0.21999999999999997,0.696
ru_modern_bert_base,0.3,0.5,0.19999999999999996,0.6955
ru_modern_bert_base,0.3,0.52,0.17999999999999994,0.6952
ru_modern_bert_base,0.3,0.54,0.15999999999999992,0.6942
ru_modern_bert_base,0.3,0.56,0.1399999999999999,0.6936
ru_modern_bert_base,0.3,0.58,0.12,0.6928
ru_modern_bert_base,0.3,0.6,0.09999999999999998,0.6922999999999999
ru_modern_bert_base,0.3,0.62,0.07999999999999996,0.6917000000000001
ru_modern_bert_base,0.3,0.64,0.05999999999999994,0.691
ru_modern_bert_base,0.3,0.66,0.039999999999999925,0.6907000000000001
ru_modern_bert_base,0.3,0.68,0.019999999999999907,0.6904
ru_modern_bert_base,0.32,0.0,0.6799999999999999,0.7153
ru_modern_bert_base,0.32,0.02,0.6599999999999999,0.7141000000000001
ru_modern_bert_base,0.32,0.04,0.6399999999999999,0.712
ru_modern_bert_base,0.32,0.06,0.6199999999999999,0.7114
ru_modern_bert_base,0.32,0.08,0.6,0.71
ru_modern_bert_base,0.32,0.1,0.58,0.7088
ru_modern_bert_base,0.32,0.12,0.5599999999999999,0.7078
ru_modern_bert_base,0.32,0.14,0.5399999999999999,0.7065999999999999
ru_modern_bert_base,0.32,0.16,0.5199999999999999,0.7058000000000001
ru_modern_bert_base,0.32,0.18,0.49999999999999994,0.7045
ru_modern_bert_base,0.32,0.2,0.4799999999999999,0.7031
ru_modern_bert_base,0.32,0.22,0.45999999999999996,0.7027
ru_modern_bert_base,0.32,0.24,0.43999999999999995,0.7015
ru_modern_bert_base,0.32,0.26,0.41999999999999993,0.7019000000000001
ru_modern_bert_base,0.32,0.28,0.3999999999999999,0.7002999999999999
ru_modern_bert_base,0.32,0.3,0.37999999999999995,0.7002
ru_modern_bert_base,0.32,0.32,0.35999999999999993,0.6998
ru_modern_bert_base,0.32,0.34,0.3399999999999999,0.6991
ru_modern_bert_base,0.32,0.36,0.31999999999999995,0.6987000000000001
ru_modern_bert_base,0.32,0.38,0.29999999999999993,0.6987000000000001
ru_modern_bert_base,0.32,0.4,0.2799999999999999,0.6984
ru_modern_bert_base,0.32,0.42,0.25999999999999995,0.6977000000000001
ru_modern_bert_base,0.32,0.44,0.23999999999999994,0.6968
ru_modern_bert_base,0.32,0.46,0.21999999999999992,0.6961
ru_modern_bert_base,0.32,0.48,0.19999999999999996,0.6952
ru_modern_bert_base,0.32,0.5,0.17999999999999994,0.6949000000000001
ru_modern_bert_base,0.32,0.52,0.15999999999999992,0.6945
ru_modern_bert_base,0.32,0.54,0.1399999999999999,0.6941
ru_modern_bert_base,0.32,0.56,0.11999999999999988,0.6931
ru_modern_bert_base,0.32,0.58,0.09999999999999998,0.6924000000000001
ru_modern_bert_base,0.32,0.6,0.07999999999999996,0.6916
ru_modern_bert_base,0.32,0.62,0.05999999999999994,0.6913
ru_modern_bert_base,0.32,0.64,0.039999999999999925,0.6909000000000001
ru_modern_bert_base,0.32,0.66,0.019999999999999907,0.6905
ru_modern_bert_base,0.34,0.0,0.6599999999999999,0.7139
ru_modern_bert_base,0.34,0.02,0.6399999999999999,0.7122999999999999
ru_modern_bert_base,0.34,0.04,0.6199999999999999,0.7116
ru_modern_bert_base,0.34,0.06,0.5999999999999999,0.7102999999999999
ru_modern_bert_base,0.34,0.08,0.58,0.7097
ru_modern_bert_base,0.34,0.1,0.5599999999999999,0.7083
ru_modern_bert_base,0.34,0.12,0.5399999999999999,0.7066
ru_modern_bert_base,0.34,0.14,0.5199999999999999,0.7058000000000001
ru_modern_bert_base,0.34,0.16,0.4999999999999999,0.7049
ru_modern_bert_base,0.34,0.18,0.4799999999999999,0.7037
ru_modern_bert_base,0.34,0.2,0.4599999999999999,0.7025
ru_modern_bert_base,0.34,0.22,0.43999999999999995,0.702
ru_modern_bert_base,0.34,0.24,0.41999999999999993,0.7019
